2021-11-08 13:18:57,146,16012,-68,0.009117826477226641,176,+1.8287,+16.580
2021-11-08 14:18:59,145,16029,-68,0.00904577580063174,173,+1.8280,+16.197
2021-11-08 15:17:17,152,16032,-70,0.009480663490498947,174,+1.8291,+16.156
2021-11-08 16:18:57,154,16037,-61,0.009602428926506285,173,+1.8291,+16.177
2021-11-08 17:18:57,148,16036,-72,0.009228879173892559,173,+1.8282,+16.185
2021-11-08 18:17:17,148,16039,-72,0.009227153099451452,171,+1.8298,+16.190
2021-11-08 19:20:39,148,16031,-78,0.009231741236364296,174,+1.8296,+16.231
2021-11-08 20:20:39,152,16039,-74,0.009476515504020754,173,+1.8294,+16.211
2021-11-08 21:17:18,151,16040,-74,0.00941358683166891,173,+1.8292,+16.237
2021-11-08 22:18:58,147,16041,-76,0.0091636578464557,171,+1.8285,+16.189
2021-11-08 23:18:59,154,16045,-74,0.009597608829639974,165,+1.8293,+16.168
2021-11-09 00:18:59,149,16042,-77,0.009287744625966777,170,+1.8294,+16.205
2021-11-09 01:20:41,143,16045,-78,0.008912092513978296,174,+1.8289,+16.151
2021-11-09 02:18:59,140,16041,-81,0.00872730258666064,177,+1.8311,+16.130
2021-11-09 03:24:03,146,16046,-85,0.009098462102358673,170,+1.8298,+16.189
2021-11-09 04:17:19,145,16046,-77,0.009036170012696553,171,+1.8299,+16.117
2021-11-09 05:20:39,145,16045,-72,0.009036746220275303,171,+1.8299,+16.093
2021-11-09 06:18:58,142,16043,-76,0.008850881922550319,168,+1.8306,+16.117
2021-11-09 07:17:18,145,16044,-69,0.009037316850904094,173,+1.8302,+16.147
2021-11-09 08:20:41,144,16049,-67,0.008972202702690928,171,+1.8304,+16.145
2021-11-09 09:18:59,141,16047,-71,0.008786376985937244,171,+1.8310,+16.080
2021-11-09 10:17:20,145,16045,-70,0.00903675120440067,168,+1.8299,+16.106
2021-11-09 11:20:40,144,16040,-74,0.008977219404564427,170,+1.8290,+16.056
2021-11-09 12:18:59,132,16043,-78,0.008227604650135,168,+1.8298,+16.017
2021-11-09 13:20:40,139,16037,-66,0.008667166074849781,170,+1.8301,+16.075
2021-11-09 14:17:19,142,16039,-70,0.008853104170189294,173,+1.8294,+16.072
2021-11-09 15:17:18,140,16042,-75,0.008726774468824661,168,+1.8301,+16.096
2021-11-09 16:19:01,140,16047,-81,0.008724039682451893,168,+1.8280,+16.161
2021-11-09 17:17:20,128,16044,-79,0.007977794366558176,173,+1.8304,+16.163
2021-11-09 18:20:41,129,16037,-81,0.008043622405403694,173,+1.8312,+16.214
2021-11-09 19:24:03,141,16040,-74,0.00879020373664602,171,+1.8293,+16.172
2021-11-09 20:19:00,140,16036,-80,0.008730026271127504,173,+1.8308,+16.236
2021-11-09 21:20:41,132,16030,-94,0.00823423251840232,173,+1.8296,+16.174
2021-11-09 22:17:20,140,16038,-89,0.008728911879539992,173,+1.8289,+16.200
2021-11-09 23:17:20,139,16033,-83,0.008669285551679107,171,+1.8301,+16.239
2021-11-10 00:17:21,137,16034,-82,0.008544023625252316,168,+1.8299,+16.247
2021-11-10 01:19:00,136,16037,-90,0.008480052282972314,176,+1.8299,+16.234
2021-11-10 02:17:19,131,16036,-93,0.008168800401748541,171,+1.8303,+16.237
2021-11-10 03:17:19,130,16037,-92,0.008105943359478139,173,+1.8306,+16.265
2021-11-10 04:22:23,135,16036,-89,0.008418229727323298,171,+1.8290,+16.278
2021-11-10 05:19:00,131,16037,-88,0.008168305439895879,176,+1.8313,+16.292
2021-11-10 06:17:19,138,16035,-88,0.008605831939973154,173,+1.8297,+16.268
2021-11-10 07:19:02,129,16038,-91,0.008043094014582393,168,+1.8281,+16.297
2021-11-10 08:20:42,126,16031,-83,0.007859504513288313,170,+1.8288,+16.294
2021-11-10 09:19:02,131,16037,-87,0.008168308218723394,173,+1.8317,+16.274
2021-11-10 10:19:03,129,16038,-83,0.008043115776693192,171,+1.8310,+16.266
2021-11-10 11:19:01,119,16045,-93,0.0074163801401444735,171,+1.8291,+16.373
2021-11-10 12:17:21,129,16047,-94,0.008038574702643766,174,+1.8315,+16.271
2021-11-10 13:24:06,134,16049,-89,0.008349107485840225,173,+1.8297,+16.300
2021-11-10 14:17:20,134,16038,-91,0.008354827608124064,176,+1.8304,+16.326
2021-11-10 15:20:44,127,16040,-87,0.00791742383193314,181,+1.8303,+16.378
2021-11-10 16:17:20,124,16041,-92,0.007729910288775685,179,+1.8302,+16.355
2021-11-10 17:25:46,141,16038,-91,0.0087912518974672,176,+1.8301,+16.446
2021-11-10 18:19:04,131,16043,-89,0.00816524795571416,176,+1.8312,+16.418
2021-11-10 19:20:44,139,16041,-99,0.00866491329408512,173,+1.8307,+16.379
2021-11-10 20:19:04,139,16047,-88,0.008661708346548171,177,+1.8297,+16.454
2021-11-10 21:22:26,135,16037,-86,0.008417713433814915,179,+1.8304,+16.468
2021-11-10 22:20:45,128,16046,-86,0.0079767821770861,179,+1.8296,+16.389
2021-11-10 23:17:22,125,16035,-94,0.007795155623130348,174,+1.8287,+16.405
2021-11-11 00:17:22,131,16046,-89,0.008163721475482024,173,+1.8292,+16.402
2021-11-11 01:17:21,135,16040,-84,0.00841614472870409,179,+1.8306,+16.502
2021-11-11 02:17:21,138,16039,-85,0.00860369456222851,171,+1.8312,+16.413
2021-11-11 03:20:44,130,16046,-89,0.008101405728143923,179,+1.8292,+16.418
2021-11-11 04:20:45,120,16033,-95,0.00748429195817586,176,+1.8296,+16.388
2021-11-11 05:19:02,134,16033,-92,0.008357429938058807,176,+1.8305,+16.428
2021-11-11 06:20:44,132,16034,-94,0.008232178488854413,173,+1.8299,+16.470
2021-11-11 07:17:21,126,16038,-95,0.007856041743277893,179,+1.8306,+16.433
2021-11-11 08:19:04,126,16034,-92,0.007858010012509426,173,+1.8305,+16.407
2021-11-11 09:17:22,128,16034,-86,0.007982751652492594,176,+1.8303,+16.399
2021-11-11 10:24:07,128,16033,-83,0.007983257384314723,174,+1.8288,+16.299
2021-11-11 11:19:03,136,16032,-78,0.00848273006464896,173,+1.8309,+16.355
2021-11-11 12:17:24,132,16030,-92,0.008234238478246877,176,+1.8300,+16.388
2021-11-11 13:17:24,130,16034,-82,0.008107487318621492,171,+1.8296,+16.418
2021-11-11 14:19:04,133,16028,-78,0.008297689838380426,177,+1.8308,+16.418
2021-11-11 15:19:04,132,16031,-83,0.008233750102294544,176,+1.8303,+16.434
2021-11-11 16:17:22,129,16031,-84,0.008046624975291065,171,+1.8311,+16.478
2021-11-11 17:19:03,126,16028,-90,0.007860956969131493,174,+1.8292,+16.425
2021-11-11 18:17:23,123,16029,-90,0.007673320053482162,176,+1.8299,+16.473
2021-11-11 19:19:04,128,16034,-90,0.007982740723511177,177,+1.8308,+16.465
2021-11-11 20:17:24,126,16025,-88,0.007862433941498801,173,+1.8311,+16.507
2021-11-11 21:17:25,126,16026,-89,0.007861940662727114,174,+1.8292,+16.402
2021-11-11 22:17:24,127,16026,-87,0.007924339845314427,173,+1.8302,+16.540
2021-11-11 23:19:06,126,16035,-85,0.007857538925512123,174,+1.8319,+16.431
2021-11-12 00:17:23,134,16034,-86,0.008356926104546147,174,+1.8300,+16.498
2021-11-12 01:20:46,125,16031,-86,0.007797122340948286,177,+1.8292,+16.418
2021-11-12 02:19:04,132,16034,-85,0.008232204279609532,173,+1.8306,+16.451
2021-11-12 03:19:07,125,16026,-97,0.007799524256621722,177,+1.8286,+16.501
2021-11-12 04:19:04,123,16033,-81,0.007671428770143937,179,+1.8300,+16.489
2021-11-12 05:19:05,129,16043,-93,0.008040581725461208,179,+1.8315,+16.476
2021-11-12 06:19:06,132,16036,-98,0.00823113956795109,176,+1.8301,+16.457
2021-11-12 07:17:24,133,16038,-88,0.008292489672943848,179,+1.8323,+16.410
2021-11-12 08:19:07,132,16040,-87,0.008229119625986247,177,+1.8298,+16.344
2021-11-12 09:17:25,125,16040,-81,0.007792760344672809,176,+1.8294,+16.405
2021-11-12 10:22:28,133,16036,-77,0.00829355309453508,174,+1.8316,+16.402
2021-11-12 11:17:24,134,16034,-84,0.008356931630146124,177,+1.8317,+16.295
2021-11-12 12:19:05,142,16045,-89,0.008849741882503773,173,+1.8311,+16.302
2021-11-12 13:17:25,133,16039,-75,0.008292006840521572,173,+1.8289,+16.354
2021-11-12 14:17:24,135,16036,-84,0.008418243884673986,174,+1.8310,+16.284
2021-11-12 15:17:24,134,16041,-92,0.008353262234737537,176,+1.8313,+16.344
2021-11-12 16:17:26,134,16043,-87,0.008352235479086652,176,+1.8320,+16.323
2021-11-12 17:19:06,139,16044,-94,0.008663309458656043,174,+1.8298,+16.404
2021-11-12 18:17:25,134,16041,-89,0.008353271047849166,174,+1.8317,+16.431
2021-11-12 19:19:06,127,16045,-92,0.007914942994544443,174,+1.8312,+16.426
2021-11-12 20:20:48,130,16049,-89,0.008099891465160238,173,+1.8299,+16.415
2021-11-12 21:19:06,132,16030,-88,0.008234250013466655,177,+1.8311,+16.499
2021-11-12 22:17:26,131,16033,-83,0.008170356747830882,181,+1.8318,+16.384
2021-11-12 23:17:25,132,16033,-92,0.00823269785666833,177,+1.8323,+16.389
2021-11-13 00:19:08,138,16034,-88,0.008606368621263604,173,+1.8312,+16.426
2021-11-13 01:19:06,129,16024,-92,0.00805011778266269,177,+1.8303,+16.446
2021-11-13 02:17:25,133,16027,-95,0.008298160032404227,177,+1.8308,+16.434
2021-11-13 03:17:26,139,16029,-96,0.008671409520182489,177,+1.8328,+16.462
2021-11-13 04:17:25,128,16031,-94,0.007984223050346937,177,+1.8295,+16.459
2021-11-13 05:22:30,131,16022,-95,0.008175931741937141,176,+1.8314,+16.417
2021-11-13 06:19:07,126,16017,-90,0.00786635524794251,176,+1.8304,+16.475
2021-11-13 07:19:07,132,16024,-86,0.008237338581624119,176,+1.8301,+16.433
2021-11-13 08:17:26,127,16020,-88,0.007927304848461459,174,+1.8292,+16.457
2021-11-13 09:20:49,131,15952,-175,0.008211457723031395,171,+1.8317,+16.430
2021-11-13 10:19:07,120,15978,-132,0.0075099292347664305,174,+1.8301,+16.412
2021-11-13 11:19:08,136,15992,-115,0.008503827258356654,176,+1.8315,+16.510
2021-11-13 12:19:07,135,15999,-112,0.008437620386692398,173,+1.8300,+16.496
2021-11-13 13:19:07,134,16007,-110,0.008370944351174163,177,+1.8304,+16.485
2021-11-13 14:17:27,129,16003,-105,0.008060640474729102,177,+1.8304,+16.462
2021-11-13 15:17:27,135,15997,-105,0.008438700228177783,174,+1.8313,+16.533
2021-11-15 10:19:11,148,16024,-83,0.009235759272668871,173,+1.8310,+16.279
2021-11-15 11:17:30,149,16026,-91,0.009296973988535226,174,+1.8309,+16.174
2021-11-15 12:20:53,142,16023,-94,0.00886187600993223,170,+1.8308,+16.127
2021-11-15 13:17:32,146,16026,-89,0.009109803439271829,171,+1.8302,+16.143
2021-11-15 14:17:30,148,16033,-93,0.009230543687664298,173,+1.8311,+16.158
2021-11-15 15:19:12,152,16026,-98,0.009484125845250655,171,+1.8310,+16.226
2021-11-15 16:17:31,145,16031,-87,0.009044595527875671,173,+1.8298,+16.195
2021-11-15 17:17:31,144,16027,-98,0.008984428373219494,176,+1.8309,+16.184
2021-11-15 18:19:13,140,16034,-91,0.00873108318984324,173,+1.8313,+16.096
2021-11-15 19:17:31,151,16040,-86,0.00941355170958251,171,+1.8293,+16.132
2021-11-15 20:17:32,147,16032,-85,0.009168775868866729,171,+1.8310,+16.090
2021-11-15 21:19:12,155,16036,-82,0.009665324706508546,174,+1.8305,+16.048
2021-11-15 22:19:13,150,16039,-69,0.009351844824173734,171,+1.8301,+16.059
2021-11-15 23:22:36,158,16035,-80,0.009853004097948896,170,+1.8303,+16.037
2021-11-16 00:17:32,158,16044,-78,0.00984748352148562,171,+1.8300,+16.022
2021-11-16 01:17:32,159,16038,-81,0.009913503149203605,170,+1.8288,+15.935
2021-11-16 02:17:32,159,16041,-87,0.009911629874916034,171,+1.8301,+15.927
2021-11-16 03:17:31,158,16040,-78,0.009849939036162238,165,+1.8308,+15.909
2021-11-16 04:19:13,160,16040,-77,0.00997461659493019,174,+1.8308,+15.948
2021-11-16 05:17:32,157,16041,-67,0.009787021866305881,173,+1.8294,+15.865
2021-11-16 06:19:13,157,16044,-73,0.009785176016479052,174,+1.8305,+15.820
2021-11-16 07:22:35,168,16052,-79,0.01046547670179759,170,+1.8280,+15.815
2021-11-16 08:17:34,164,16050,-71,0.010217612972594893,166,+1.8300,+15.836
2021-11-16 09:19:13,153,16044,-68,0.00953590053702405,166,+1.8325,+15.818
2021-11-16 10:17:32,161,16046,-82,0.010033185557346745,166,+1.8304,+15.765
2021-11-16 11:22:38,167,16050,-81,0.010404476466163137,170,+1.8297,+15.723
2021-11-16 12:19:13,169,16054,-79,0.010526455201081178,166,+1.8309,+15.653
2021-11-16 13:17:33,155,16046,-77,0.009659316639457955,171,+1.8304,+15.755
2021-11-16 14:17:32,162,16051,-75,0.01009237625889016,163,+1.8304,+15.779
2021-11-16 15:22:38,158,16048,-75,0.009845038003166374,171,+1.8297,+15.733
2021-11-16 16:19:16,158,16049,-73,0.009844430276093262,163,+1.8305,+15.700
2021-11-16 17:19:14,159,16038,-71,0.009913532438080271,163,+1.8308,+15.710
2021-11-16 18:19:15,158,16046,-67,0.009846286718407142,163,+1.8294,+15.703
2021-11-16 19:17:34,167,16041,-71,0.010410344199969043,165,+1.8284,+15.645
2021-11-16 20:17:34,162,16041,-69,0.010098684259712018,168,+1.8305,+15.707
2021-11-16 21:24:18,158,16043,-80,0.009848091240331711,168,+1.8301,+15.726
2021-11-16 22:17:35,163,16039,-79,0.01016225523749487,162,+1.8277,+15.750
2021-11-16 23:19:14,161,16040,-66,0.010036984454826673,162,+1.8301,+15.721
2021-11-17 00:17:35,156,16043,-69,0.009723470722255831,166,+1.8304,+15.766
2021-11-17 01:20:58,164,16043,-67,0.010222081759724392,170,+1.8295,+15.737
2021-11-17 02:19:16,153,16051,-76,0.009531720854382865,165,+1.8292,+15.720
2021-11-17 03:19:15,156,16041,-79,0.009724654986156434,168,+1.8303,+15.710
2021-11-17 04:22:38,148,16045,-75,0.009223694987216924,163,+1.8292,+15.715
2021-11-17 05:19:16,154,16043,-90,0.009598756290146813,165,+1.8308,+15.707
2021-11-17 06:17:35,155,16046,-83,0.009659298633516434,171,+1.8294,+15.668
2021-11-17 07:17:35,157,16044,-82,0.009785149504077498,168,+1.8289,+15.658
2021-11-17 08:19:17,157,16039,-69,0.009788236995748198,166,+1.8291,+15.637
2021-11-17 09:17:36,155,16036,-71,0.009665356332358198,163,+1.8295,+15.608
2021-11-17 10:17:34,156,16039,-67,0.009725900622703029,163,+1.8298,+15.648
2021-11-17 11:17:34,155,16037,-73,0.009664748279734172,162,+1.8297,+15.551
2021-11-17 12:19:16,157,16035,-72,0.009790670459683942,166,+1.8286,+15.590
2021-11-17 13:22:38,152,16040,-75,0.009475922003074542,168,+1.8312,+15.669
2021-11-17 14:17:35,147,16043,-73,0.009162523504835167,160,+1.8287,+15.687
2021-11-17 15:19:16,144,16038,-72,0.00897834391005032,170,+1.8298,+15.650
2021-11-17 16:19:16,151,16043,-79,0.009411812670250602,166,+1.8317,+15.762
2021-11-17 17:19:18,143,16038,-74,0.008915992554922947,163,+1.8288,+15.731
2021-11-17 18:17:35,143,16040,-78,0.00891487038483421,168,+1.8301,+15.747
2021-11-17 19:19:17,151,16038,-85,0.009414728641623321,166,+1.8289,+15.799
2021-11-17 20:20:59,148,16046,-92,0.009223069359802613,168,+1.8296,+15.846
2021-11-17 21:17:35,147,16041,-81,0.009163643869564211,171,+1.8299,+15.768
2021-11-17 22:17:36,149,16052,-76,0.00928196181133718,168,+1.8311,+15.783
2021-11-17 23:17:35,150,16048,-80,0.009346570809063608,171,+1.8304,+15.791
2021-11-18 00:26:03,141,16039,-92,0.008790700699675639,170,+1.8303,+15.854
2021-11-18 01:22:41,135,16046,-89,0.008412983825946426,174,+1.8305,+15.818
2021-11-18 02:17:36,141,16037,-100,0.008791770658009098,166,+1.8309,+15.818
2021-11-18 03:17:36,131,16041,-89,0.008166265926370334,168,+1.8308,+15.881
2021-11-18 04:17:37,141,16045,-90,0.008787419921485887,170,+1.8299,+15.897
2021-11-18 05:20:59,145,16043,-89,0.009037824650704178,166,+1.8298,+15.851
2021-11-18 06:17:36,146,16048,-82,0.009097337138671798,166,+1.8301,+15.893
2021-11-18 07:17:37,145,16041,-75,0.00903899171913974,168,+1.8300,+15.834
2021-11-18 08:19:18,137,16043,-91,0.008539205024948315,170,+1.8288,+15.888
2021-11-18 09:20:59,142,16046,-89,0.008849190405024713,171,+1.8307,+15.810
2021-11-18 10:17:38,148,16043,-90,0.009224800418227494,171,+1.8291,+15.794
2021-11-18 11:24:21,144,16039,-87,0.008977742555537344,173,+1.8305,+15.838
2021-11-18 12:20:59,136,16050,-78,0.008473217402906427,170,+1.8308,+15.775
2021-11-18 13:17:38,138,16049,-90,0.008598319481911669,170,+1.8305,+15.893
2021-11-18 14:20:59,133,16041,-87,0.008290941742116907,173,+1.8301,+15.891
2021-11-18 15:19:19,134,16040,-80,0.008353816476303278,171,+1.8307,+15.999
2021-11-18 16:19:19,142,16042,-94,0.008851380993069707,174,+1.8291,+16.006
2021-11-18 17:17:39,139,16033,-90,0.008669265132751137,174,+1.8300,+16.019
2021-11-18 18:17:39,139,16027,-90,0.008672510365380644,173,+1.8301,+16.038
2021-11-18 19:21:02,136,16032,-87,0.008482705561398383,176,+1.8290,+16.082
2021-11-18 20:17:38,136,16031,-87,0.00848323466431146,174,+1.8290,+16.075
2021-11-18 21:19:19,130,16037,-90,0.00810594909530243,176,+1.8308,+16.067
2021-11-18 22:19:20,124,16023,-97,0.007738579081401787,174,+1.8308,+16.129
2021-11-18 23:17:39,127,16023,-94,0.007925803864799304,174,+1.8293,+16.113
2021-11-19 00:17:38,131,16024,-94,0.008174914370915108,173,+1.8311,+16.182
2021-11-19 01:17:38,131,16023,-93,0.008175427506509063,173,+1.8308,+16.253
2021-11-19 02:19:20,124,16018,-96,0.0077409973959983655,177,+1.8293,+16.179
2021-11-19 03:22:43,134,16014,-99,0.008367323110352182,181,+1.8306,+16.142
2021-11-19 04:17:38,128,16022,-94,0.0079887076639111,171,+1.8305,+16.202
2021-11-19 05:17:38,126,16022,-98,0.007863877531013896,173,+1.8297,+16.252
2021-11-19 06:24:24,125,16018,-101,0.007803407292709746,176,+1.8298,+16.205
2021-11-19 07:19:21,131,16022,-88,0.008175952140047602,173,+1.8296,+16.200
2021-11-19 08:19:20,133,16024,-88,0.008299734182850873,174,+1.8298,+16.198
2021-11-19 09:19:21,125,16019,-85,0.007802965441070403,174,+1.8289,+16.164
2021-11-19 10:21:03,120,16015,-86,0.00749272708280714,177,+1.8300,+16.200
2021-11-19 11:19:21,127,16021,-95,0.007926790297948638,176,+1.8298,+16.184
2021-11-19 12:17:39,131,16033,-92,0.008170331719664395,174,+1.8300,+16.181
2021-11-19 13:19:20,128,16015,-85,0.007992224279476117,177,+1.8292,+16.218
2021-11-19 14:17:40,133,16026,-83,0.008298712290246753,171,+1.8301,+16.236
2021-11-19 15:21:02,141,16027,-88,0.008797294390484035,173,+1.8302,+16.189
2021-11-19 16:17:39,135,16024,-84,0.008424547639914497,177,+1.8305,+16.234
2021-11-19 17:17:41,128,16024,-90,0.007987722094926387,171,+1.8301,+16.263
2021-11-19 18:17:40,126,16024,-89,0.00786292186269496,179,+1.8315,+16.313
2021-11-19 19:22:44,127,16025,-97,0.00792480591972028,173,+1.8304,+16.310
2021-11-19 20:21:02,131,16024,-91,0.008174923205186507,176,+1.8308,+16.303
2021-11-19 21:17:40,121,16023,-102,0.007551347967696927,177,+1.8296,+16.417
2021-11-19 22:17:41,128,16023,-87,0.007988228834299697,173,+1.8295,+16.316
2021-11-19 23:19:21,126,16025,-77,0.007862461724481878,176,+1.8314,+16.399
2021-11-20 00:17:40,124,16029,-84,0.0077357180061307235,179,+1.8307,+16.350
2021-11-20 01:19:21,132,16025,-85,0.008236827331381629,174,+1.8305,+16.375
2021-11-20 02:19:21,128,16025,-85,0.007987237284561658,174,+1.8307,+16.336
2021-11-20 03:19:22,126,16026,-81,0.007861961476884415,170,+1.8287,+16.378
2021-11-20 04:17:42,126,16033,-91,0.007858502888003459,179,+1.8305,+16.409
2021-11-20 05:21:02,138,16031,-88,0.00860797906681965,176,+1.8282,+16.352
2021-11-20 06:22:44,132,16028,-79,0.00823530150814413,177,+1.8298,+16.350
2021-11-20 07:17:41,136,16035,-81,0.008481135271727632,179,+1.8296,+16.391
2021-11-20 08:24:25,136,16039,-84,0.00847901214180772,176,+1.8312,+16.386
2021-11-20 09:17:40,141,16044,-77,0.008788004639702748,176,+1.8307,+16.349
2021-11-20 10:19:23,133,16029,-87,0.008297148230785114,177,+1.8316,+16.368
2021-11-20 11:17:42,139,16030,-83,0.008670907875825262,174,+1.8295,+16.313
2021-11-20 12:21:05,132,16038,-85,0.00823015125522985,176,+1.8313,+16.307
2021-11-20 13:19:22,141,16033,-86,0.008794008416306358,171,+1.8320,+16.357
2021-11-20 14:19:23,135,16027,-78,0.008422986751737215,170,+1.8322,+16.308
2021-11-20 15:21:05,135,16028,-86,0.008422439766411174,177,+1.8308,+16.279
2021-11-20 16:17:41,134,16028,-79,0.008360073033328115,173,+1.8315,+16.333
2021-11-20 17:24:26,138,16021,-94,0.008613333253041118,179,+1.8306,+16.295
2021-11-20 18:21:04,134,16022,-84,0.008363190258911265,174,+1.8293,+16.328
2021-11-20 19:19:22,140,16029,-78,0.008733843829263278,173,+1.8288,+16.281
2021-11-20 20:21:05,141,16023,-87,0.00879949337627689,171,+1.8317,+16.302
2021-11-20 21:17:41,137,16022,-87,0.00855040829300614,173,+1.8315,+16.329
2021-11-20 22:19:24,135,16034,-81,0.008419301960041335,171,+1.8303,+16.216
2021-11-20 23:29:30,139,16025,-88,0.008673598661122777,170,+1.8315,+16.258
2021-11-21 00:19:23,140,16032,-83,0.008732195950423466,173,+1.8299,+16.263
2021-11-21 01:19:24,140,16037,-80,0.008729481944537668,173,+1.8301,+16.213
2021-11-21 02:17:42,146,16029,-76,0.009108136605270366,173,+1.8303,+16.250
2021-11-21 03:17:43,144,16037,-72,0.008978903720514752,176,+1.8318,+16.169
2021-11-21 04:17:42,146,16033,-80,0.00910585338326525,170,+1.8307,+16.197
2021-11-21 05:17:42,142,16035,-84,0.008855275334064423,171,+1.8287,+16.242
2021-11-21 06:17:44,147,16034,-75,0.009167660823611078,173,+1.8286,+16.140
2021-11-21 07:21:07,147,16034,-86,0.009167629249781204,173,+1.8305,+16.189
2021-11-21 08:21:05,148,16037,-71,0.009228306309360649,173,+1.8315,+16.145
2021-11-21 09:19:24,140,16034,-75,0.008731128287060793,170,+1.8308,+16.132
2021-11-21 10:19:24,148,16036,-72,0.009228879173892559,168,+1.8302,+16.134
2021-11-21 11:17:43,148,16040,-77,0.009226564527309394,173,+1.8308,+16.117
2021-11-21 12:19:24,151,16040,-85,0.009413554837627382,170,+1.8312,+16.053
2021-11-21 13:17:43,147,16044,-77,0.009161941784370494,170,+1.8301,+16.066
2021-11-21 14:17:45,149,16037,-77,0.009290640116457818,170,+1.8294,+16.016
2021-11-21 15:26:10,156,16044,-74,0.009722851219049537,168,+1.8289,+16.043
2021-11-21 16:17:45,153,16038,-74,0.00953945194858056,168,+1.8292,+16.066
2021-11-21 17:17:43,149,16046,-73,0.009285440350864052,170,+1.8298,+16.022
2021-11-21 18:19:25,145,16037,-91,0.00904119939994482,171,+1.8304,+16.137
2021-11-21 19:19:25,145,16045,-81,0.009036722054404095,170,+1.8283,+16.051
2021-11-21 20:19:25,145,16043,-78,0.009037856901260752,174,+1.8314,+16.048
2021-11-21 21:17:45,149,16035,-82,0.009291784454608473,171,+1.8293,+16.009
2021-11-21 22:19:26,148,16038,-76,0.009227717767632027,174,+1.8294,+16.016
2021-11-21 23:19:25,148,16045,-72,0.009223702886733605,171,+1.8307,+16.038
2021-11-22 00:22:49,145,16045,-77,0.009036733145760274,170,+1.8320,+15.959
2021-11-22 01:19:25,153,16045,-77,0.009535282095739905,168,+1.8291,+15.993
2021-11-22 02:22:48,150,16044,-74,0.009348917628018438,168,+1.8311,+15.969
2021-11-22 03:17:44,153,16043,-72,0.009536484512783421,166,+1.8298,+16.006
2021-11-22 04:19:25,154,16044,-69,0.009598220314918068,170,+1.8306,+15.925
2021-11-22 05:19:27,152,16042,-71,0.009474751460249748,168,+1.8292,+15.888
2021-11-22 06:17:46,157,16051,-74,0.009780906174710408,171,+1.8309,+15.796
2021-11-22 07:17:45,155,16054,-68,0.009654528076746313,173,+1.8302,+15.818
2021-11-22 08:17:44,157,16052,-75,0.009780294072623846,166,+1.8295,+15.770
2021-11-22 09:19:26,160,16058,-65,0.009963469597313944,166,+1.8308,+15.755
2021-11-22 10:17:45,158,16058,-56,0.009838955090076809,166,+1.8282,+15.655
2021-11-22 11:19:28,154,16057,-70,0.009590447479859435,165,+1.8301,+15.736
2021-11-22 12:17:45,152,16052,-69,0.009468854536626718,165,+1.8305,+15.682
2021-11-22 13:19:26,157,16055,-75,0.009778466705982059,163,+1.8314,+15.697
2021-11-22 14:24:30,164,16060,-67,0.010211262315248453,166,+1.8308,+15.747
2021-11-22 15:17:47,158,16043,-71,0.00984811723792815,163,+1.8305,+15.823
2021-11-22 16:17:45,158,16040,-79,0.009849936031083112,165,+1.8285,+15.846
2021-11-22 17:19:26,157,16048,-74,0.009782734453800247,166,+1.8300,+15.776
2021-11-22 18:17:45,153,16050,-71,0.009532328279642538,163,+1.8297,+15.728
2021-11-22 19:22:49,157,16041,-71,0.009787011369413257,165,+1.8298,+15.820
2021-11-22 20:17:47,155,16045,-60,0.009659962294021524,168,+1.8297,+15.739
2021-11-22 21:21:10,163,16048,-73,0.010156574578288865,162,+1.8304,+15.763
2021-11-22 22:17:46,162,16050,-71,0.010093016450659402,165,+1.8300,+15.794
2021-11-22 23:24:31,162,16050,-79,0.010092992944447453,166,+1.8300,+15.804
2021-11-23 00:17:46,156,16051,-72,0.009718616851588119,165,+1.8288,+15.741
2021-11-23 01:17:46,157,16051,-75,0.009780903346614989,160,+1.8294,+15.724
2021-11-23 02:21:09,153,16046,-66,0.009534717021847144,165,+1.8297,+15.752
2021-11-23 03:19:28,163,16042,-76,0.01016036415873598,166,+1.8288,+15.745
2021-11-23 04:17:46,164,16048,-74,0.010218877611087146,170,+1.8290,+15.733
2021-11-23 05:17:46,163,16042,-72,0.010160375844176072,166,+1.8290,+15.736
2021-11-23 06:19:28,165,16050,-67,0.010279922127944426,162,+1.8312,+15.679
2021-11-23 07:17:46,157,16044,-69,0.009785186811554467,162,+1.8301,+15.744
2021-11-23 08:19:29,158,16042,-70,0.009848733779898044,163,+1.8290,+15.712
2021-11-23 09:17:47,154,16043,-87,0.009598766190909512,166,+1.8301,+15.726
2021-11-23 10:19:28,160,16047,-77,0.0099702658701703,166,+1.8295,+15.766
2021-11-23 11:26:14,156,16046,-72,0.009721644961082665,163,+1.8299,+15.765
2021-11-23 12:17:47,153,16044,-69,0.009535897999602205,168,+1.8302,+15.804
2021-11-23 13:19:28,153,16040,-84,0.009538233302868834,170,+1.8309,+15.847
2021-11-23 14:22:52,158,16041,-78,0.009849325042700236,165,+1.8308,+15.886
2021-11-23 15:19:30,151,16034,-83,0.009417083281231326,166,+1.8301,+15.865
2021-11-23 16:17:49,155,16037,-80,0.00966472815795565,163,+1.8288,+15.943
2021-11-23 17:17:47,152,16036,-83,0.009478262179515534,171,+1.8297,+15.970
2021-11-23 18:17:47,151,16034,-80,0.009417092236421688,168,+1.8298,+15.982
2021-11-23 19:27:56,146,16041,-85,0.009101297868314404,166,+1.8294,+16.024
2021-11-23 20:21:10,152,16043,-78,0.009474141727388861,170,+1.8293,+15.986
2021-11-23 21:24:33,147,16034,-87,0.009167626165511531,168,+1.8293,+15.991
2021-11-23 22:22:53,150,16046,-78,0.009347741420111693,163,+1.8300,+15.954
2021-11-23 23:17:48,152,16041,-75,0.009475331319969978,171,+1.8288,+15.954
2021-11-24 00:17:48,154,16044,-80,0.009598189760248893,168,+1.8298,+16.009
2021-11-24 01:17:48,152,16040,-84,0.009475895652803728,165,+1.8304,+15.915
2021-11-24 02:17:48,148,16040,-77,0.009226564527309394,168,+1.8295,+15.982
2021-11-24 03:17:50,148,16041,-83,0.00922597217784176,168,+1.8293,+15.991
2021-11-24 04:19:30,142,16041,-77,0.008851982741058875,163,+1.8315,+15.964
2021-11-24 05:17:48,139,16045,-83,0.00866280232104844,170,+1.8322,+15.949
2021-11-24 06:17:49,144,16039,-94,0.008977720448961755,168,+1.8304,+15.936
2021-11-24 07:17:49,154,16046,-80,0.009596993529186236,166,+1.8293,+15.952
2021-11-24 08:17:51,139,16042,-82,0.008664424996925187,168,+1.8306,+15.956
2021-11-24 09:17:50,140,16043,-84,0.008726206290114322,166,+1.8304,+15.923
2021-11-24 10:22:53,141,16040,-81,0.008790185203166295,170,+1.8295,+15.915
2021-11-24 11:19:32,150,16047,-85,0.00934713823844115,170,+1.8296,+16.030
2021-11-24 12:19:32,144,16041,-90,0.008976614037684301,168,+1.8310,+15.922
2021-11-24 13:19:32,147,16034,-86,0.009167629249781204,168,+1.8305,+15.859
2021-11-24 14:17:49,145,16049,-85,0.009034458307261281,166,+1.8293,+15.990
2021-11-24 15:17:49,143,16048,-86,0.00891040392747769,173,+1.8304,+15.930
2021-11-24 16:21:13,141,16046,-83,0.008786892990003006,168,+1.8302,+15.969
2021-11-24 17:17:50,146,16050,-88,0.009096185599133512,166,+1.8301,+15.928
2021-11-24 18:17:50,135,16051,-91,0.008410357450621003,171,+1.8305,+16.020
2021-11-24 19:19:33,148,16048,-81,0.009221954095791853,170,+1.8302,+15.957
2021-11-24 20:19:33,146,16053,-77,0.009094517864242598,170,+1.8290,+15.907
2021-11-24 21:19:33,146,16051,-78,0.009095648242440874,165,+1.8313,+15.917
2021-11-24 22:17:50,148,16051,-84,0.00922022175824077,168,+1.8290,+15.948
2021-11-24 23:21:12,145,16063,-90,0.009026569504936015,166,+1.8314,+15.881
2021-11-25 00:17:52,143,16059,-84,0.008904306898023469,171,+1.8297,+15.961
2021-11-25 01:17:52,147,16051,-87,0.009157917340776733,168,+1.8301,+15.902
2021-11-25 02:17:51,141,16048,-94,0.008785764791547435,171,+1.8290,+15.906
2021-11-25 03:17:51,141,16054,-84,0.00878251181863788,166,+1.8290,+15.920
2021-11-25 04:21:13,151,16059,-85,0.009402418279859652,168,+1.8296,+15.880
2021-11-25 05:17:51,150,16052,-88,0.009344217561437836,173,+1.8292,+15.867
2021-11-25 06:21:13,139,16049,-92,0.008660616921361613,168,+1.8312,+15.841
2021-11-25 07:24:36,144,16047,-79,0.008973290340030917,168,+1.8303,+15.847
2021-11-25 08:17:52,143,16047,-85,0.008910962109753857,170,+1.8282,+15.783
2021-11-25 09:26:18,146,16056,-82,0.009092804703066903,168,+1.8294,+15.695
2021-11-25 10:21:13,146,16050,-77,0.009096217641247165,163,+1.8305,+15.687
2021-11-25 11:21:15,148,16054,-72,0.009218532402641434,168,+1.8293,+15.623
2021-11-25 12:17:51,149,16054,-78,0.0092808000160423,168,+1.8284,+15.598
2021-11-25 13:21:16,149,16052,-79,0.009281953436638991,166,+1.8291,+15.632
2021-11-25 14:17:51,152,16057,-78,0.009465881969855542,163,+1.8284,+15.645
2021-11-25 15:21:16,148,16056,-71,0.00921738674953073,166,+1.8304,+15.773
2021-11-25 16:21:14,153,16064,-81,0.009523993340324211,168,+1.8307,+15.855
2021-11-25 17:17:52,152,16058,-81,0.009465283784293555,166,+1.8292,+15.880
2021-11-25 18:19:33,158,16062,-91,0.009836406959113189,166,+1.8309,+15.855
2021-11-25 19:19:33,145,16063,-70,0.009026625475052329,174,+1.8289,+15.855
2021-11-25 20:19:33,157,16060,-69,0.009775438983473087,162,+1.8291,+15.820
2021-11-25 21:19:34,155,16058,-85,0.009652074679344444,163,+1.8282,+15.836
2021-11-25 22:17:52,146,16059,-80,0.00909111191411165,165,+1.8284,+15.810
2021-11-25 23:17:53,153,16058,-82,0.009527548621027896,165,+1.8304,+15.799
2021-11-26 00:19:33,150,16059,-73,0.009340188573872346,170,+1.8292,+15.876
2021-11-26 01:21:15,145,16058,-77,0.009029417886012938,166,+1.8300,+15.783
2021-11-26 02:17:53,146,16063,-81,0.00908884539552716,168,+1.8297,+15.760
2021-11-26 03:19:34,150,16067,-70,0.009335546076803883,165,+1.8284,+15.644
2021-11-26 04:21:17,154,16062,-81,0.00958743141251106,163,+1.8293,+15.621
2021-11-26 05:22:57,154,16060,-79,0.00958863120826073,160,+1.8290,+15.540
2021-11-26 06:19:34,152,16061,-79,0.00946352180398093,170,+1.8296,+15.509
2021-11-26 07:17:54,151,16064,-77,0.009399515585985738,166,+1.8297,+15.556
2021-11-26 08:19:34,153,16069,-76,0.009521044598151363,166,+1.8301,+15.521
2021-11-26 09:17:54,151,16065,-81,0.009398919033951939,163,+1.8295,+15.576
2021-11-26 10:17:55,151,16064,-88,0.009399482533291535,163,+1.8307,+15.477
2021-11-26 11:21:17,147,16067,-85,0.009148804484109839,165,+1.8296,+15.454
2021-11-26 12:19:35,154,16058,-84,0.009589810202243337,165,+1.8286,+15.613
2021-11-26 13:21:16,155,16058,-81,0.009652087105521763,166,+1.8298,+15.650
2021-11-26 14:19:36,153,16059,-82,0.009526955388341102,162,+1.8280,+15.650
2021-11-26 15:19:35,151,16058,-83,0.009403009883243817,165,+1.8290,+15.720
2021-11-26 16:17:54,152,16061,-87,0.0094634974462074,163,+1.8285,+15.681
2021-11-26 17:19:35,147,16060,-87,0.00915278569491671,163,+1.8294,+15.665
2021-11-26 18:21:17,145,16049,-87,0.009034452274746956,165,+1.8284,+15.582
2021-11-26 19:19:36,151,16061,-76,0.00940127394554322,168,+1.8294,+15.542
2021-11-26 20:17:54,154,16057,-76,0.0095904311888432,165,+1.8292,+15.521
2021-11-26 21:19:36,152,16058,-85,0.009465271598579378,165,+1.8294,+15.517
2021-11-26 22:21:18,156,16056,-83,0.00971555850226969,165,+1.8306,+15.433
2021-11-26 23:19:36,153,16057,-82,0.009528141927595941,165,+1.8277,+15.380
2021-11-27 00:19:36,154,16066,-77,0.009585056341508661,163,+1.8300,+15.446
2021-11-27 01:17:55,148,16064,-76,0.009212783647766277,166,+1.8294,+15.325
2021-11-27 02:21:19,151,16057,-81,0.00940360141596664,163,+1.8288,+15.351
2021-11-27 03:19:38,151,16067,-79,0.009397754991151018,168,+1.8295,+15.399
2021-11-27 04:19:38,148,16065,-73,0.009212218200907347,163,+1.8299,+15.369
2021-11-27 05:17:55,147,16069,-82,0.009147674763233582,166,+1.8286,+15.377
2021-11-27 06:17:55,147,16072,-76,0.009145984179282423,162,+1.8292,+15.331
2021-11-27 07:19:37,148,16070,-85,0.00920931833979501,158,+1.8283,+15.327
2021-11-27 08:19:36,146,16071,-78,0.009084329801582433,166,+1.8302,+15.273
2021-11-27 09:19:36,149,16069,-69,0.009272161079774414,162,+1.8307,+15.272
2021-11-27 10:21:18,152,16071,-65,0.00945767063519776,165,+1.8288,+15.228
2021-11-27 11:17:57,151,16074,-73,0.009393679318664751,162,+1.8289,+15.276
2021-11-27 12:17:55,149,16077,-73,0.009267537370608396,158,+1.8304,+15.197
2021-11-27 13:17:57,151,16077,-73,0.009391926578750607,160,+1.8295,+15.194
2021-11-27 14:21:18,152,16071,-76,0.009457642239978446,162,+1.8291,+15.129
2021-11-27 15:19:37,156,16077,-77,0.009702887058150795,160,+1.8305,+15.173
2021-11-27 16:17:56,153,16078,-76,0.00951571543331246,162,+1.8279,+15.200
2021-11-27 17:21:19,152,16072,-70,0.009457069868135621,160,+1.8290,+15.191
2021-11-27 18:23:00,155,16076,-70,0.009641311766688457,162,+1.8283,+15.179
2021-11-27 19:19:39,150,16072,-77,0.009332623424453696,160,+1.8289,+15.078
2021-11-27 20:17:57,152,16082,-80,0.009451162393798899,160,+1.8278,+15.099
2021-11-27 21:21:19,142,16075,-70,0.008833279031578455,160,+1.8289,+15.115
2021-11-27 22:19:38,148,16083,-77,0.00920189806312537,160,+1.8289,+15.105
2021-11-27 23:17:56,151,16077,-56,0.009391966418956255,160,+1.8283,+15.014
2021-11-28 00:17:57,146,16072,-68,0.00908379028835003,158,+1.8295,+15.055
2021-11-28 01:17:57,150,16075,-75,0.009330887351053122,163,+1.8298,+15.076
2021-11-28 02:21:20,152,16079,-74,0.009452942522320689,155,+1.8288,+15.019
2021-11-28 03:17:57,147,16080,-78,0.009141428849483099,157,+1.8303,+14.982
2021-11-28 04:19:38,148,16082,-75,0.009202475611846245,160,+1.8291,+15.076
2021-11-28 05:17:57,142,16073,-69,0.00883438047506971,160,+1.8304,+15.052
2021-11-28 06:17:57,147,16078,-72,0.009142581808579062,160,+1.8292,+14.977
2021-11-28 07:17:59,153,16083,-64,0.00951278825304932,162,+1.8288,+15.039
2021-11-28 08:17:57,146,16080,-67,0.009079273688966383,162,+1.8303,+14.938
2021-11-28 09:19:40,153,16082,-70,0.009513364939868606,160,+1.8295,+14.900
2021-11-28 10:19:39,149,16079,-73,0.009266384709893957,165,+1.8286,+14.882
2021-11-28 11:24:44,148,16074,-80,0.00920704150112838,168,+1.8297,+14.841
2021-11-28 12:17:58,143,16071,-70,0.008897695838723756,157,+1.8299,+14.862
2021-11-28 13:19:39,155,16086,-67,0.00963532629856192,162,+1.8293,+14.877
2021-11-28 14:21:20,147,16088,-63,0.00913692082508163,157,+1.8291,+14.924
2021-11-28 15:17:59,152,16082,-71,0.009451187222824323,163,+1.8275,+14.867
2021-11-28 16:17:58,145,16081,-70,0.009016522411347755,160,+1.8302,+14.890
2021-11-28 17:19:39,147,16079,-62,0.009142036937905686,157,+1.8287,+14.934
2021-11-28 18:17:59,148,16088,-65,0.00919906870539494,158,+1.8289,+14.898
2021-11-28 19:17:58,147,16088,-67,0.009136911647302348,160,+1.8271,+14.930
2021-11-28 20:21:22,139,16084,-68,0.008641836454198889,158,+1.8289,+14.908
2021-11-28 21:17:59,146,16085,-68,0.00907644924548934,162,+1.8282,+14.921
2021-11-28 22:24:44,144,16084,-73,0.00895266536088332,158,+1.8284,+14.921
2021-11-28 23:17:59,146,16086,-70,0.00907588020135792,166,+1.8273,+14.887
2021-11-29 00:18:00,146,16083,-65,0.009077584865133175,155,+1.8293,+14.867
2021-11-29 01:17:59,144,16082,-66,0.008953795496954676,155,+1.8292,+14.798
2021-11-29 02:23:04,152,16094,-69,0.009444145894040582,160,+1.8278,+14.803
2021-11-29 03:24:45,151,16096,-79,0.009380824553685716,157,+1.8285,+14.770
2021-11-29 04:19:41,156,16099,-65,0.009689660615482723,158,+1.8273,+14.759
2021-11-29 05:18:00,144,16088,-72,0.008950442108802536,158,+1.8258,+14.642
2021-11-29 06:18:01,151,16089,-67,0.00938493738082489,157,+1.8291,+14.709
2021-11-29 07:18:01,146,16087,-67,0.009075323274166559,154,+1.8287,+14.592
2021-11-29 08:23:04,152,16090,-70,0.009446491005380916,162,+1.8276,+14.625
2021-11-29 09:18:01,154,16095,-73,0.009567798499608192,158,+1.8286,+14.534
2021-11-29 10:19:41,141,16093,-77,0.008761248889631945,160,+1.8291,+14.557
2021-11-29 11:21:23,147,16080,-63,0.00914146623390084,158,+1.8285,+14.617
2021-11-29 12:19:42,140,16092,-65,0.008699684686769057,160,+1.8279,+14.657
2021-11-29 13:18:01,138,16089,-62,0.008577014815979594,154,+1.8299,+14.673
2021-11-29 14:21:24,145,16082,-78,0.009015941157324393,162,+1.8286,+14.730
2021-11-29 15:21:23,139,16083,-68,0.008642373745232503,162,+1.8295,+14.717
2021-11-29 16:18:02,142,16089,-79,0.008825570353944894,157,+1.8291,+14.712
2021-11-29 17:18:01,135,16084,-63,0.008393172989881785,158,+1.8283,+14.778
2021-11-29 18:18:02,142,16082,-65,0.008829445970775382,157,+1.8291,+14.752
2021-11-29 19:19:43,133,16089,-69,0.008266253191198513,158,+1.8271,+14.746
2021-11-29 20:21:25,147,16091,-77,0.00913518288820604,158,+1.8290,+14.861
2021-11-29 21:18:01,147,16091,-76,0.009135185587055731,158,+1.8305,+14.801
2021-11-29 22:19:43,141,16089,-70,0.008763444341133434,158,+1.8296,+14.785
2021-11-29 23:18:02,142,16089,-69,0.008825595582085177,157,+1.8292,+14.803
2021-11-30 00:21:24,140,16088,-75,0.008701824033971177,160,+1.8301,+14.780
2021-11-30 01:23:05,136,16086,-77,0.008454258471693791,157,+1.8283,+14.801
2021-11-30 02:21:24,141,16086,-85,0.00876503921273225,155,+1.8292,+14.837
2021-11-30 03:18:03,135,16088,-75,0.00839105946206499,157,+1.8273,+14.749
2021-11-30 04:19:43,137,16078,-77,0.00852065639144229,158,+1.8291,+14.704
2021-11-30 05:18:01,136,16076,-75,0.008459522007006082,157,+1.8300,+14.736
2021-11-30 06:24:46,130,16069,-67,0.00808986458521897,155,+1.8277,+14.699
2021-11-30 07:23:06,128,16069,-69,0.00796540624046191,157,+1.8298,+14.772
2021-11-30 08:18:02,129,16067,-75,0.0080286190872589,158,+1.8294,+14.814
2021-11-30 09:19:43,129,16064,-80,0.008030106301239986,157,+1.8286,+14.859
2021-11-30 10:18:02,120,16064,-85,0.00746987600865062,155,+1.8291,+14.765
2021-11-30 11:19:45,119,16054,-65,0.007412286362829049,157,+1.8294,+14.804
2021-11-30 12:21:24,125,16057,-81,0.007784510472442414,163,+1.8293,+14.872
2021-11-30 13:19:45,122,16055,-77,0.007598645211228655,160,+1.8289,+14.930
2021-11-30 14:18:02,124,16058,-75,0.0077217700228869365,160,+1.8294,+14.958
2021-11-30 15:21:26,118,16058,-83,0.0073481317721192495,163,+1.8290,+14.980
2021-11-30 16:28:10,121,16053,-88,0.007537275938973199,157,+1.8288,+15.071
2021-11-30 17:18:03,117,16048,-82,0.007290403778599803,162,+1.8297,+15.068
2021-11-30 18:18:03,114,16059,-82,0.007098611311841742,157,+1.8282,+15.107
2021-11-30 19:19:46,112,16056,-79,0.00697538788219595,163,+1.8283,+15.197
2021-11-30 20:18:03,116,16058,-90,0.007223574574443602,158,+1.8300,+15.293
2021-11-30 21:19:44,110,16053,-91,0.006852084416199088,163,+1.8295,+15.251
2021-11-30 22:19:44,110,16057,-93,0.006850372695805916,168,+1.8285,+15.330
2021-11-30 23:18:03,109,16053,-97,0.006789779803765581,162,+1.8285,+15.309
2021-12-01 00:19:44,115,16056,-91,0.007162193986369245,163,+1.8281,+15.373
2021-12-01 01:19:44,116,16061,-99,0.007222201577075449,168,+1.8299,+15.369
2021-12-01 02:19:44,113,16060,-97,0.007035870133573602,168,+1.8296,+15.330
2021-12-01 03:18:03,108,16058,-87,0.006725419520171696,162,+1.8290,+15.335
2021-12-01 04:18:03,107,16054,-90,0.006664802189883234,165,+1.8279,+15.362
2021-12-01 05:21:27,109,16063,-99,0.006785547964880613,165,+1.8291,+15.414
2021-12-01 06:26:30,121,16056,-99,0.007535837661556309,165,+1.8295,+15.411
2021-12-01 07:19:46,113,16061,-96,0.007035434724012886,163,+1.8286,+15.446
2021-12-01 08:18:04,114,16062,-98,0.007097245927052683,162,+1.8307,+15.441
2021-12-01 09:19:46,108,16070,-99,0.00672036868554912,162,+1.8293,+15.406
2021-12-01 10:21:26,113,16067,-96,0.007032807618205178,160,+1.8300,+15.260
2021-12-01 11:19:47,112,16076,-98,0.006966665033345724,166,+1.8299,+15.367
2021-12-01 12:18:05,110,16070,-86,0.006844847976165867,163,+1.8276,+15.325
2021-12-01 13:26:30,106,16071,-97,0.006595515665718636,162,+1.8304,+15.255
2021-12-01 14:19:46,116,16085,-81,0.007211471455789989,165,+1.8317,+15.239
2021-12-01 15:19:46,111,16080,-87,0.006902774404261765,162,+1.8303,+15.166
2021-12-01 16:19:48,118,16083,-87,0.007336700640397191,162,+1.8283,+15.160
2021-12-01 17:19:46,122,16083,-88,0.007585390407816308,162,+1.8282,+15.234
2021-12-01 18:19:47,123,16085,-83,0.007646625130228063,165,+1.8311,+15.244
2021-12-01 19:21:27,126,16080,-79,0.007835565969237039,165,+1.8283,+15.179
2021-12-01 20:18:07,128,16083,-75,0.007958459608637468,163,+1.8284,+15.076
2021-12-01 21:23:09,116,16087,-83,0.0072105703815366,168,+1.8293,+15.071
2021-12-01 22:19:48,119,16093,-86,0.007394279008780266,160,+1.8284,+15.090
2021-12-01 23:18:07,126,16085,-74,0.00783314203250119,162,+1.8291,+15.097
2021-12-02 00:18:06,115,16082,-86,0.007150627764152876,158,+1.8280,+15.103
2021-12-02 01:18:06,114,16087,-74,0.007086273745197227,160,+1.8297,+15.040
2021-12-02 02:19:47,125,16080,-72,0.007773397340369168,158,+1.8279,+15.061
2021-12-02 03:19:47,123,16093,-75,0.0076428428110576745,158,+1.8290,+15.005
2021-12-02 04:24:51,121,16083,-71,0.007523256738368334,162,+1.8276,+14.950
2021-12-02 05:23:11,126,16091,-68,0.007830234279820186,166,+1.8294,+14.951
2021-12-02 06:18:07,126,16086,-65,0.007832674041522098,160,+1.8284,+14.927
2021-12-02 07:21:30,123,16087,-73,0.007645697576372074,158,+1.8279,+14.888
2021-12-02 08:18:06,126,16084,-78,0.007833619811885559,158,+1.8272,+14.838
2021-12-02 09:18:07,125,16087,-73,0.007770012898519945,162,+1.8286,+14.840
2021-12-02 10:19:49,123,16095,-79,0.007641884066876578,162,+1.8304,+14.856
2021-12-02 11:19:47,127,16093,-68,0.007891395638220274,163,+1.8299,+14.828
2021-12-02 12:18:08,127,16093,-79,0.0078913710043868,158,+1.8297,+14.819
2021-12-02 13:19:48,124,16088,-71,0.007707380478038625,154,+1.8292,+14.811
2021-12-02 14:19:50,130,16088,-72,0.008080300152798415,163,+1.8284,+14.883
2021-12-02 15:18:07,131,16083,-68,0.008144993609891947,163,+1.8291,+14.874
2021-12-02 16:18:08,131,16086,-76,0.008143456556400417,158,+1.8295,+14.909
2021-12-02 17:18:07,131,16079,-79,0.00814699425180756,160,+1.8309,+14.938
2021-12-02 18:19:50,128,16083,-88,0.007958427012555362,165,+1.8295,+14.906
2021-12-02 19:21:30,130,16092,-86,0.008078257253979638,160,+1.8278,+14.943
2021-12-02 20:19:49,119,16079,-74,0.007400744274216959,162,+1.8300,+14.908
2021-12-02 21:19:48,129,16083,-71,0.008020641471959172,165,+1.8284,+14.890
2021-12-02 22:18:07,129,16084,-78,0.008020126664352345,160,+1.8298,+14.938
2021-12-02 23:18:07,131,16084,-71,0.008144480674072875,162,+1.8289,+14.929
2021-12-03 00:19:49,129,16081,-81,0.008021615366549602,160,+1.8286,+14.904
2021-12-03 01:19:49,124,16076,-73,0.0077131290479411935,163,+1.8289,+14.914
2021-12-03 02:26:34,131,16081,-77,0.008145985990101802,163,+1.8273,+14.909
2021-12-03 03:21:31,135,16087,-77,0.008391576102819466,166,+1.8277,+14.888
2021-12-03 04:18:10,131,16077,-72,0.008148024338661712,162,+1.8277,+14.890
2021-12-03 05:18:08,137,16085,-79,0.008516943432893706,160,+1.8284,+14.896
2021-12-03 06:18:08,131,16083,-79,0.008144968152867435,158,+1.8288,+14.864
2021-12-03 07:18:08,128,16082,-77,0.007958949767249706,158,+1.8288,+14.880
2021-12-03 08:19:50,124,16082,-78,0.007710240292745102,152,+1.8298,+14.790
2021-12-03 09:18:08,130,16083,-70,0.008082816492544274,154,+1.8285,+14.783
2021-12-03 10:19:50,131,16079,-86,0.008146976054791767,160,+1.8272,+14.803
2021-12-03 11:19:50,134,16082,-83,0.008331993195330192,155,+1.8294,+14.780
2021-12-03 12:19:51,136,16083,-84,0.0084558169334309,158,+1.8287,+14.793
2021-12-03 13:19:51,133,16081,-78,0.008270344081763336,155,+1.8276,+14.749
2021-12-03 14:18:10,134,16082,-75,0.008332013554299765,158,+1.8283,+14.639
2021-12-03 15:19:50,126,16081,-75,0.007835088076063298,152,+1.8299,+14.651
2021-12-03 16:18:09,126,16076,-82,0.007837508149717258,158,+1.8274,+14.652
2021-12-03 17:21:31,132,16078,-72,0.00820970959708458,158,+1.8279,+14.642
2021-12-03 18:18:09,130,16076,-75,0.008086324445328925,152,+1.8287,+14.621
2021-12-03 19:19:52,132,16083,-73,0.008207155168431122,158,+1.8274,+14.659
2021-12-03 20:18:11,137,16086,-65,0.008516447181735989,158,+1.8287,+14.628
2021-12-03 21:18:10,131,16088,-71,0.008142455820265295,152,+1.8277,+14.693
2021-12-03 22:21:33,134,16076,-70,0.00833513476703908,157,+1.8281,+14.621
2021-12-03 23:21:32,126,16082,-70,0.007834611890879015,158,+1.8273,+14.693
2021-12-04 00:18:10,129,16072,-70,0.008026132807946345,157,+1.8292,+14.634
2021-12-04 01:18:10,132,16085,-70,0.008206141565060826,162,+1.8294,+14.654
2021-12-04 02:18:10,137,16083,-72,0.008518019882614409,157,+1.8283,+14.646
2021-12-04 03:18:12,131,16086,-77,0.008143454149018452,155,+1.8276,+14.649
2021-12-04 04:18:11,130,16080,-72,0.0080843199469418,162,+1.8291,+14.717
2021-12-04 05:19:53,131,16080,-65,0.008146519389012365,157,+1.8277,+14.691
2021-12-04 06:18:10,128,16075,-76,0.00796241769299809,162,+1.8288,+14.654
2021-12-04 07:18:10,132,16086,-76,0.00820561756709888,157,+1.8279,+14.665
2021-12-04 08:19:53,130,16078,-74,0.008085320954228172,158,+1.8279,+14.694
2021-12-04 09:18:10,129,16085,-71,0.008019644252029374,158,+1.8272,+14.660
2021-12-04 10:18:11,129,16084,-72,0.008020140614471212,157,+1.8291,+14.736
2021-12-04 11:24:56,125,16082,-73,0.007772428499800682,162,+1.8281,+14.670
2021-12-04 12:19:53,130,16083,-71,0.008082814289666548,157,+1.8277,+14.699
2021-12-04 13:18:13,135,16084,-70,0.00839315788805449,152,+1.8290,+14.688
2021-12-04 14:21:35,127,16077,-74,0.007899235753026819,160,+1.8279,+14.662
2021-12-04 15:19:52,129,16081,-69,0.008021643282399706,158,+1.8292,+14.641
2021-12-04 16:18:11,133,16083,-64,0.008269347470597026,157,+1.8290,+14.672
2021-12-04 17:19:52,117,16080,-65,0.007275931560796707,157,+1.8292,+14.617
2021-12-04 18:18:11,128,16082,-71,0.00795896342978951,152,+1.8296,+14.607
2021-12-04 19:19:53,130,16079,-70,0.008084827142748094,158,+1.8285,+14.602
2021-12-04 20:19:53,124,16088,-68,0.007707386686494656,155,+1.8287,+14.586
2021-12-04 21:18:12,126,16089,-73,0.007831196923996179,160,+1.8281,+14.623
2021-12-04 22:19:53,127,16097,-67,0.007889436849116598,157,+1.8276,+14.584
2021-12-04 23:23:15,130,16094,-76,0.008077278699539031,165,+1.8287,+14.625
2021-12-05 00:21:35,142,16096,-72,0.008821750481653155,163,+1.8278,+14.555
2021-12-05 01:18:12,137,16093,-73,0.008512724864607957,157,+1.8287,+14.597
2021-12-05 02:21:36,129,16087,-71,0.008018647280033103,158,+1.8298,+14.589
2021-12-05 03:19:54,129,16078,-83,0.008023106930832623,157,+1.8296,+14.607
2021-12-05 04:28:20,134,16087,-77,0.008329419165589477,155,+1.8281,+14.615
2021-12-05 05:18:13,128,16095,-76,0.007952524056288091,162,+1.8287,+14.599
2021-12-05 06:18:13,130,16085,-77,0.008081795472128488,158,+1.8293,+14.563
2021-12-05 07:18:12,130,16084,-79,0.008082293039447207,155,+1.8270,+14.502
2021-12-05 08:21:35,126,16086,-80,0.00783264112487444,154,+1.8285,+14.465
2021-12-05 09:21:35,140,16082,-74,0.008705072852231597,157,+1.8270,+14.461
2021-12-05 10:19:54,133,16083,-75,0.008269323031452166,155,+1.8266,+14.500
2021-12-05 11:18:14,127,16089,-75,0.00789334219642234,150,+1.8295,+14.544
2021-12-05 12:19:54,124,16084,-68,0.007709303359860701,155,+1.8286,+14.484
2021-12-05 13:21:37,125,16086,-72,0.007770498075682496,155,+1.8281,+14.490
2021-12-05 14:19:56,129,16081,-69,0.008021643282399706,155,+1.8277,+14.518
2021-12-05 15:18:13,128,16089,-78,0.007955484832223284,154,+1.8267,+14.610
2021-12-05 16:19:54,135,16082,-77,0.008394184916911693,158,+1.8282,+14.560
2021-12-05 17:19:55,138,16093,-68,0.008574870177984887,160,+1.8298,+14.599
2021-12-05 18:18:14,126,16092,-71,0.007829741412778882,157,+1.8282,+14.541
2021-12-05 19:21:36,128,16089,-65,0.007955513397060281,163,+1.8285,+14.607
2021-12-05 20:18:15,121,16090,-79,0.007519966484124592,160,+1.8289,+14.583
2021-12-05 21:19:55,124,16086,-73,0.007708334403819184,152,+1.8296,+14.613
2021-12-05 22:19:55,135,16085,-75,0.008392624364100598,160,+1.8282,+14.557
2021-12-05 23:23:18,128,16090,-72,0.007955004254619652,160,+1.8284,+14.542
2021-12-06 00:21:37,130,16093,-63,0.008077808757696236,157,+1.8296,+14.589
2021-12-06 01:19:56,129,16086,-70,0.008019147919757318,157,+1.8280,+14.575
2021-12-06 02:21:37,131,16089,-69,0.00814195416734177,154,+1.8289,+14.552
2021-12-06 03:18:14,129,16090,-72,0.008017150072664816,157,+1.8277,+14.518
2021-12-06 04:19:56,130,16084,-75,0.008082302661518388,157,+1.8277,+14.536
2021-12-06 05:18:16,131,16086,-73,0.008143463589744278,155,+1.8302,+14.575
2021-12-06 06:19:56,130,16088,-66,0.008080313076804655,158,+1.8291,+14.523
2021-12-06 07:19:56,126,16082,-67,0.007834618115654841,158,+1.8281,+14.484
2021-12-06 08:19:56,131,16092,-68,0.008140438526998965,157,+1.8299,+14.468
2021-12-06 09:18:15,136,16097,-66,0.00844850724338429,154,+1.8278,+14.437
2021-12-06 10:18:16,129,16097,-68,0.008013672583759218,160,+1.8284,+14.499
2021-12-06 11:19:58,131,16091,-76,0.00814092628636706,152,+1.8281,+14.612
2021-12-06 12:18:15,135,16094,-72,0.00838793854817745,157,+1.8276,+14.587
2021-12-06 13:18:16,127,16090,-65,0.007892872993037817,160,+1.8293,+14.532
2021-12-06 14:18:17,126,16089,-83,0.00783117332812674,155,+1.8298,+14.576
2021-12-06 15:18:17,128,16090,-76,0.007954995159838022,160,+1.8279,+14.641
2021-12-06 16:19:57,131,16091,-82,0.008140911383973621,160,+1.8298,+14.615
2021-12-06 17:19:59,129,16095,-75,0.008014652835987957,160,+1.8298,+14.608
2021-12-06 18:21:38,131,16095,-79,0.008138895897848055,158,+1.8296,+14.599
2021-12-06 19:18:17,133,16091,-65,0.008265234373324697,155,+1.8267,+14.623
2021-12-06 20:23:20,132,16093,-75,0.008202050986105552,162,+1.8304,+14.549
2021-12-06 21:19:58,132,16098,-66,0.00819952369299264,158,+1.8272,+14.626
2021-12-06 22:19:57,134,16095,-77,0.008325279324135756,158,+1.8299,+14.620
2021-12-06 23:18:17,129,16093,-80,0.008015636821371422,155,+1.8282,+14.518
2021-12-07 00:21:40,135,16091,-69,0.00838950914016054,157,+1.8277,+14.532
2021-12-07 01:19:59,126,16093,-65,0.007829267244613216,155,+1.8288,+14.484
2021-12-07 02:19:58,131,16097,-59,0.008137928074024674,149,+1.8274,+14.466
2021-12-07 03:18:17,129,16096,-74,0.008014157244245554,152,+1.8302,+14.558
2021-12-07 04:21:40,125,16097,-73,0.0077651861975072045,155,+1.8293,+14.503
2021-12-07 05:18:19,125,16099,-76,0.007764214881790122,155,+1.8276,+14.458
2021-12-07 06:19:58,137,16095,-69,0.008511676458462993,155,+1.8278,+14.445
2021-12-07 07:18:17,136,16103,-65,0.008445361653666826,160,+1.8286,+14.544
2021-12-07 08:20:00,137,16093,-68,0.008512736450371613,158,+1.8293,+14.542
2021-12-07 09:18:18,131,16092,-73,0.008140427446506913,160,+1.8281,+14.484
2021-12-07 10:20:00,132,16095,-66,0.00820105193497289,152,+1.8283,+14.492
2021-12-07 11:19:59,130,16090,-68,0.008079304566390718,152,+1.8299,+14.495
2021-12-07 12:19:59,128,16091,-69,0.007954516406644662,158,+1.8289,+14.547
2021-12-07 13:18:18,124,16090,-72,0.007706420372763951,157,+1.8306,+14.528
2021-12-07 14:18:18,125,16092,-78,0.0077675874753563995,155,+1.8282,+14.547
2021-12-07 15:18:19,123,16093,-79,0.007642833722300469,157,+1.8284,+14.675
2021-12-07 16:19:59,123,16094,-79,0.007642358865087914,157,+1.8301,+14.630
2021-12-07 17:19:59,128,16091,-81,0.00795448875877638,150,+1.8288,+14.638
2021-12-07 18:20:01,129,16090,-68,0.008017158743069236,155,+1.8300,+14.591
2021-12-07 19:18:20,131,16088,-79,0.008142436945855433,160,+1.8281,+14.646
2021-12-07 20:18:19,130,16084,-76,0.008082300302858149,160,+1.8279,+14.675
2021-12-07 21:21:42,121,16090,-76,0.007519973237183166,150,+1.8295,+14.689
2021-12-07 22:18:18,120,16090,-74,0.007457831332861266,155,+1.8283,+14.654
2021-12-07 23:21:41,126,16088,-72,0.007831685860255748,157,+1.8297,+14.676
2021-12-08 00:18:18,123,16089,-77,0.007644738348209439,155,+1.8300,+14.725
2021-12-08 01:23:22,121,16091,-77,0.007519503703334085,158,+1.8297,+14.667
2021-12-08 02:18:19,130,16089,-80,0.00807977898304993,154,+1.8290,+14.686
2021-12-08 03:18:19,118,16086,-76,0.007335357865158335,154,+1.8285,+14.613
2021-12-08 04:18:19,131,16084,-73,0.008144476140822253,162,+1.8291,+14.730
2021-12-08 05:23:23,112,16086,-84,0.006962368723875809,149,+1.8289,+14.725
2021-12-08 06:20:02,124,16079,-77,0.007711681080559174,162,+1.8297,+14.676
2021-12-08 07:23:24,121,16087,-81,0.007521364115909157,158,+1.8284,+14.733
2021-12-08 08:21:43,115,16091,-69,0.007146664896752824,157,+1.8282,+14.693
2021-12-08 09:23:25,111,16083,-76,0.006901510810542405,157,+1.8305,+14.761
2021-12-08 10:18:21,125,16091,-76,0.007768074793277927,154,+1.8288,+14.693
2021-12-08 11:20:01,123,16083,-73,0.007647599023121746,160,+1.8302,+14.688
2021-12-08 12:18:20,122,16083,-84,0.007585400495082047,157,+1.8290,+14.684
2021-12-08 13:18:20,122,16085,-72,0.007584484829188714,154,+1.8285,+14.785
2021-12-08 14:20:01,120,16091,-85,0.007457342695849877,157,+1.8286,+14.725
2021-12-08 15:20:01,120,16083,-80,0.007461063781020838,160,+1.8300,+14.701
2021-12-08 16:26:46,119,16081,-84,0.007399801289447253,157,+1.8287,+14.752
2021-12-08 17:18:22,116,16083,-82,0.007212365911475433,157,+1.8276,+14.777
2021-12-08 18:25:05,112,16084,-83,0.006963236670597545,160,+1.8298,+14.735
2021-12-08 19:23:24,114,16090,-82,0.007084935497113791,152,+1.8288,+14.639
2021-12-08 20:18:20,118,16087,-78,0.0073348975466697025,154,+1.8292,+14.647
2021-12-08 21:18:20,125,16081,-73,0.007772911800297912,157,+1.8283,+14.610
2021-12-08 22:18:20,122,16093,-75,0.007580708267917215,157,+1.8303,+14.638
2021-12-08 23:18:21,117,16088,-78,0.007272287565862006,155,+1.8275,+14.683
2021-12-09 00:20:02,115,16092,-76,0.00714620680260655,155,+1.8290,+14.649
2021-12-09 01:18:21,122,16088,-78,0.007583057416163636,157,+1.8294,+14.639
2021-12-09 02:18:21,113,16088,-77,0.007023672774335685,155,+1.8287,+14.592
2021-12-09 03:23:25,120,16087,-83,0.0074592016704786365,157,+1.8287,+14.596
2021-12-09 04:18:21,121,16093,-82,0.007518557714726315,155,+1.8296,+14.589
2021-12-09 05:18:22,120,16089,-83,0.007458274487120236,154,+1.8278,+14.597
2021-12-09 06:23:25,130,16080,-79,0.008084303423997663,154,+1.8272,+14.508
2021-12-09 07:20:03,107,16090,-75,0.006649922956851241,158,+1.8284,+14.511
2021-12-09 08:20:03,115,16088,-75,0.007147985566843959,154,+1.8297,+14.515
2021-12-09 09:18:23,122,16089,-67,0.007582609485516033,154,+1.8278,+14.444
2021-12-09 10:20:03,128,16088,-79,0.007955976884946403,154,+1.8274,+14.481
2021-12-09 11:18:22,111,16087,-84,0.006899777794185073,154,+1.8293,+14.511
2021-12-09 12:20:04,114,16090,-81,0.007084937727375423,158,+1.8287,+14.553
2021-12-09 13:18:23,115,16091,-77,0.007146648778203466,154,+1.8272,+14.508
2021-12-09 14:21:46,120,16085,-81,0.007460133812857649,155,+1.8285,+14.579
2021-12-09 15:20:04,113,16086,-78,0.007024543887124041,154,+1.8303,+14.599
2021-12-09 16:20:03,125,16089,-76,0.007769040370868539,160,+1.8273,+14.547
2021-12-09 17:21:45,120,16089,-75,0.007458292695498406,157,+1.8285,+14.639
2021-12-09 18:18:24,117,16094,-77,0.007269578720421906,155,+1.8292,+14.634
2021-12-09 19:18:23,114,16085,-77,0.007087148596378364,158,+1.8282,+14.693
2021-12-09 20:18:22,120,16089,-75,0.007458292695498406,154,+1.8280,+14.579
2021-12-09 21:18:23,118,16084,-72,0.007336278336832544,154,+1.8281,+14.636
2021-12-09 22:20:06,116,16088,-73,0.0072101439408613485,158,+1.8283,+14.604
2021-12-09 23:18:23,117,16086,-69,0.007273210281096527,157,+1.8290,+14.684
2021-12-10 00:20:05,125,16094,-72,0.007766635751849166,149,+1.8290,+14.620
2021-12-10 01:21:46,117,16091,-77,0.0072709339791557056,158,+1.8296,+14.579
2021-12-10 02:18:24,114,16089,-81,0.007085378060587925,157,+1.8262,+14.596
2021-12-10 03:20:04,123,16094,-76,0.007642365724637512,152,+1.8289,+14.586
2021-12-10 04:20:04,116,16086,-75,0.007211036216709153,157,+1.8283,+14.626
2021-12-10 05:23:27,120,16090,-77,0.007457824808427665,152,+1.8298,+14.592
2021-12-10 06:20:06,123,16086,-76,0.007646166245535081,154,+1.8284,+14.516
2021-12-10 07:18:23,119,16092,-72,0.007394770060696167,157,+1.8268,+14.547
2021-12-10 08:18:24,116,16098,-72,0.007205667297195617,155,+1.8273,+14.521
2021-12-10 09:18:25,119,16092,-74,0.0073947658916895115,154,+1.8270,+14.476
2021-12-10 10:18:24,115,16095,-70,0.007144886952549179,154,+1.8294,+14.468
2021-12-10 11:18:24,123,16088,-65,0.007645238666651266,152,+1.8282,+14.408
2021-12-10 12:18:25,114,16086,-79,0.007086703770381516,154,+1.8283,+14.452
2021-12-10 13:18:25,116,16086,-71,0.0072110443536402506,158,+1.8263,+14.476
2021-12-10 14:20:07,119,16091,-69,0.007395235634613167,154,+1.8283,+14.434
2021-12-10 15:18:24,121,16089,-68,0.007520457340911978,155,+1.8276,+14.400
2021-12-10 16:20:07,126,16092,-83,0.007829713476354833,154,+1.8267,+14.453
2021-12-10 17:20:06,109,16090,-66,0.006774233416341974,154,+1.8281,+14.447
2021-12-10 18:20:06,123,16092,-67,0.007643334493271361,158,+1.8287,+14.379
2021-12-10 19:21:48,122,16095,-79,0.007579757317504841,152,+1.8293,+14.385
2021-12-10 20:25:11,120,16090,-79,0.007457820314787991,154,+1.8283,+14.416
2021-12-10 21:20:07,114,16094,-71,0.00708319772380965,147,+1.8266,+14.363
2021-12-10 22:18:25,115,16090,-68,0.007147110932547651,150,+1.8279,+14.350
2021-12-10 23:21:48,116,16093,-79,0.0072078912250648445,152,+1.8279,+14.345
2021-12-11 00:20:06,118,16094,-68,0.007331728123331831,154,+1.8282,+14.400
2021-12-11 01:23:29,112,16091,-74,0.006960226652373347,155,+1.8289,+14.392
2021-12-11 02:18:27,112,16095,-78,0.006958488793222,152,+1.8273,+14.348
2021-12-11 03:18:27,110,16086,-74,0.00683806549739335,154,+1.8287,+14.387
2021-12-11 04:20:07,106,16092,-69,0.006586968216355083,150,+1.8279,+14.327
2021-12-11 05:18:27,114,16091,-68,0.007084523947279447,154,+1.8275,+14.342
2021-12-11 06:21:48,109,16088,-81,0.0067750466658329945,154,+1.8287,+14.290
2021-12-11 07:20:08,117,16080,-80,0.007275900960853638,154,+1.8290,+14.291
2021-12-11 08:23:31,106,16085,-76,0.006589821725113817,154,+1.8271,+14.366
2021-12-11 09:20:07,115,16088,-73,0.007147989653964137,154,+1.8270,+14.345
2021-12-11 10:20:07,114,16090,-71,0.007084958525008608,155,+1.8268,+14.321
2021-12-11 11:21:50,108,16084,-79,0.006714565668860895,152,+1.8285,+14.403
2021-12-11 12:20:08,115,16090,-45,0.007147146806187348,141,+1.8271,+13.645
2021-12-11 13:23:31,121,16096,-59,0.007517203526988016,147,+1.8269,+13.968
2021-12-11 14:18:26,121,16090,-63,0.007519999479886727,147,+1.8288,+14.188
2021-12-11 15:23:32,109,16090,-73,0.006774220686907931,154,+1.8287,+14.254
2021-12-11 16:20:08,107,16089,-65,0.006650354239808484,149,+1.8292,+14.324
2021-12-11 17:18:27,101,16084,-73,0.006279385243085814,152,+1.8284,+14.330
2021-12-11 18:20:08,116,16096,-63,0.007206579481940806,147,+1.8255,+14.335
2021-12-11 19:18:28,110,16090,-59,0.006836391971593803,152,+1.8288,+14.335
2021-12-11 20:18:27,109,16090,-58,0.0067742463944205486,152,+1.8279,+14.343
2021-12-11 21:21:50,116,16096,-70,0.007206566534316802,155,+1.8284,+14.372
2021-12-11 22:18:27,119,16097,-78,0.007392460412221692,152,+1.8273,+14.380
2021-12-11 23:20:10,119,16097,-66,0.007392485060637647,149,+1.8275,+14.389
2021-12-12 00:20:08,104,16084,-64,0.006465911921182866,152,+1.8289,+14.364
2021-12-12 01:18:28,110,16092,-69,0.006835525452852032,154,+1.8272,+14.453
2021-12-12 02:20:09,113,16096,-76,0.007020184150683949,152,+1.8282,+14.410
2021-12-12 03:18:28,111,16087,-75,0.006899796869459532,147,+1.8271,+14.419
2021-12-12 04:21:51,113,16089,-67,0.007023255781371336,155,+1.8251,+14.419
2021-12-12 05:18:28,117,16084,-69,0.007274114635721756,149,+1.8284,+14.376
2021-12-12 06:18:28,112,16089,-71,0.00696109767034665,147,+1.8280,+14.411
2021-12-12 07:18:28,109,16091,-69,0.0067738071436237906,154,+1.8273,+14.405
2021-12-12 08:23:32,114,16089,-73,0.007085394920746088,150,+1.8276,+14.461
2021-12-12 09:18:28,111,16086,-68,0.006900239124261049,154,+1.8268,+14.481
2021-12-12 10:18:28,110,16083,-76,0.006839336985180316,150,+1.8260,+14.424
2021-12-12 11:18:28,112,16084,-76,0.00696325164894822,152,+1.8276,+14.453
2021-12-12 12:21:53,105,16083,-69,0.006528479883154262,144,+1.8275,+14.505
2021-12-12 13:18:28,102,16082,-73,0.006342344330764726,147,+1.8269,+14.562
2021-12-12 14:23:32,106,16080,-73,0.006591876391526366,155,+1.8273,+14.516
2021-12-12 15:18:29,110,16077,-76,0.006841889316132444,155,+1.8285,+14.625
2021-12-12 16:18:29,108,16080,-72,0.006716249595329267,150,+1.8292,+14.605
2021-12-12 17:21:53,91,16064,-70,0.005664726262235325,154,+1.8278,+14.623
2021-12-12 18:20:12,103,16076,-67,0.006406923123933969,150,+1.8270,+14.676
2021-12-12 19:20:10,96,16070,-66,0.0059737429015405,154,+1.8274,+14.642
2021-12-12 20:18:30,98,16068,-65,0.006098953388478608,160,+1.8277,+14.665
2021-12-12 21:20:10,99,16068,-65,0.006161186039744786,154,+1.8284,+14.696
2021-12-12 22:18:30,105,16065,-73,0.006535787171760276,155,+1.8277,+14.660
2021-12-12 23:20:11,94,16067,-69,0.005850380329864363,152,+1.8273,+14.718
2021-12-13 00:21:53,103,16073,-70,0.006408113815316647,158,+1.8273,+14.709
2021-12-13 01:18:30,99,16069,-71,0.006160792900886321,155,+1.8282,+14.738
2021-12-13 02:20:11,97,16068,-73,0.006036707783798073,157,+1.8278,+14.767
2021-12-13 03:18:31,93,16064,-79,0.00578920794718251,154,+1.8279,+14.817
2021-12-13 04:18:30,97,16069,-77,0.0060363251136552505,158,+1.8290,+14.804
2021-12-13 05:18:32,97,16078,-78,0.006032944504123052,155,+1.8269,+14.743
2021-12-13 06:23:34,91,16067,-75,0.005663660645149041,157,+1.8269,+14.773
2021-12-13 07:20:11,101,16078,-75,0.00628172488251013,154,+1.8287,+14.783
2021-12-13 08:20:11,92,16065,-72,0.005726615023843845,155,+1.8278,+14.809
2021-12-13 09:21:53,105,16079,-72,0.006530098566211257,155,+1.8278,+14.791
2021-12-13 10:18:30,94,16071,-66,0.005848928842049255,152,+1.8280,+14.765
2021-12-13 11:18:30,99,16075,-76,0.006158484727467664,152,+1.8288,+14.840
2021-12-13 12:21:55,99,16077,-82,0.006157707348454069,155,+1.8277,+14.866
2021-12-13 13:21:54,97,16069,-81,0.006036317726781358,160,+1.8282,+14.892
2021-12-13 14:18:32,97,16076,-76,0.0060336986164160515,155,+1.8289,+14.901
2021-12-13 15:18:31,98,16074,-76,0.006096658605636204,155,+1.8279,+14.885
2021-12-13 16:21:53,103,16075,-75,0.006407307587304824,160,+1.8276,+14.943
2021-12-13 17:20:13,103,16072,-79,0.006408495875833004,150,+1.8284,+14.872
2021-12-13 18:18:31,99,16071,-78,0.006160013800932258,157,+1.8284,+14.872
2021-12-13 19:26:59,102,16071,-75,0.006346681586148353,154,+1.8275,+14.903
2021-12-13 20:18:32,100,16066,-60,0.0062242008774532915,155,+1.8289,+14.900
2021-12-13 21:20:13,93,16066,-68,0.005788505433079961,152,+1.8299,+14.861
2021-12-13 22:23:36,94,16073,-83,0.005848172406336344,155,+1.8278,+14.953
2021-12-13 23:18:33,95,16071,-78,0.005911130274148107,157,+1.8277,+14.898
2021-12-14 00:23:36,102,16071,-70,0.006346690493502351,162,+1.8268,+14.903
2021-12-14 01:18:33,94,16070,-79,0.0058492714464832216,157,+1.8287,+14.916
2021-12-14 02:20:13,94,16074,-75,0.005847822899764087,155,+1.8278,+14.921
2021-12-14 03:21:54,101,16070,-71,0.006284859019125662,158,+1.8269,+14.921
2021-12-14 04:18:32,99,16075,-80,0.006158477292055893,158,+1.8262,+14.929
2021-12-14 05:18:34,97,16075,-68,0.006034087395334325,157,+1.8263,+14.794
2021-12-14 06:21:57,107,16072,-82,0.00665735606232129,158,+1.8277,+14.885
2021-12-14 07:18:33,102,16068,-65,0.006347883705271878,155,+1.8274,+14.819
2021-12-14 08:18:33,108,16073,-65,0.006719186933132865,154,+1.8268,+14.830
2021-12-14 09:20:16,99,16072,-60,0.006159660158983883,157,+1.8268,+14.858
2021-12-14 10:18:33,100,16071,-77,0.006222236431576759,158,+1.8293,+14.883
2021-12-14 11:20:14,103,16079,-71,0.006405720943413765,160,+1.8276,+14.932
2021-12-14 12:25:18,107,16069,-80,0.006658603064814253,157,+1.8280,+14.913
2021-12-14 13:20:14,100,16066,-73,0.006224180031890859,157,+1.8281,+14.980
2021-12-14 14:18:34,109,16067,-68,0.006783926787154085,157,+1.8282,+14.895
2021-12-14 15:18:35,101,16066,-67,0.0062864304291528825,157,+1.8283,+14.972
2021-12-14 16:18:34,99,16066,-69,0.006161946594596028,158,+1.8299,+15.016
2021-12-14 17:21:56,96,16062,-75,0.005976703423884485,155,+1.8283,+14.984
2021-12-14 18:20:15,94,16063,-72,0.005851832331862984,158,+1.8298,+15.103
2021-12-14 19:20:15,100,16053,-75,0.006229216669796954,157,+1.8281,+14.992
2021-12-14 20:23:38,99,16054,-74,0.006166543754544146,155,+1.8283,+14.974
2021-12-14 21:18:35,103,16060,-70,0.006413300715339568,155,+1.8263,+14.998
2021-12-14 22:18:35,101,16060,-70,0.006288773920176859,154,+1.8280,+14.953
2021-12-14 23:20:15,99,16056,-64,0.0061657921630804136,155,+1.8280,+15.076
2021-12-15 00:25:19,109,16058,-72,0.006787721407998461,155,+1.8283,+15.024
2021-12-15 01:18:34,102,16058,-72,0.006351824820613276,154,+1.8266,+15.026
2021-12-15 02:20:17,101,16061,-62,0.006288395253285176,158,+1.8279,+15.047
2021-12-15 03:18:34,101,16057,-66,0.006289955461596564,154,+1.8293,+15.092
2021-12-15 04:20:15,108,16061,-62,0.006724211915761047,155,+1.8282,+15.071
2021-12-15 05:20:16,106,16056,-71,0.006601732917304844,155,+1.8277,+15.066
2021-12-15 06:18:34,103,16055,-71,0.006415296158827497,157,+1.8274,+15.128
2021-12-15 07:23:38,107,16062,-66,0.006661531188803799,155,+1.8280,+15.107
2021-12-15 08:21:59,103,16064,-70,0.006411703852007893,162,+1.8288,+15.048
2021-12-15 09:21:57,107,16057,-65,0.006663607123819238,155,+1.8268,+15.068
2021-12-15 10:20:16,100,16060,-68,0.006226513780512307,150,+1.8273,+15.087
2021-12-15 11:21:58,109,16064,-73,0.0067851843760457844,155,+1.8280,+15.110
2021-12-15 12:18:35,105,16058,-63,0.0065386533529190475,157,+1.8287,+15.152
2021-12-15 13:18:35,106,16062,-72,0.006599265114516422,158,+1.8292,+15.134
2021-12-15 14:20:17,110,16059,-72,0.006849565612666158,163,+1.8281,+15.192
2021-12-15 15:18:36,101,16052,-71,0.006291906257257062,155,+1.8292,+15.139
2021-12-15 16:21:58,98,16046,-73,0.006107301970756229,160,+1.8281,+15.202
2021-12-15 17:18:37,107,16057,-71,0.0066635965794712955,157,+1.8275,+15.207
2021-12-15 18:18:37,103,16054,-73,0.00641569216296164,158,+1.8266,+15.218
2021-12-15 19:18:37,103,16056,-69,0.006414900103600687,158,+1.8275,+15.275
2021-12-15 20:20:17,106,16055,-73,0.006602140404017626,158,+1.8267,+15.357
2021-12-15 21:20:17,107,16057,-68,0.006663601967936968,158,+1.8278,+15.278
2021-12-15 22:18:37,104,16050,-58,0.006479617785349776,160,+1.8275,+15.270
2021-12-15 23:18:38,100,16054,-69,0.006228839111899628,158,+1.8283,+15.346
2021-12-16 00:18:38,103,16053,-65,0.006416105543505885,165,+1.8269,+15.331
2021-12-16 01:18:38,109,16055,-70,0.0067889934212023864,162,+1.8278,+15.315
2021-12-16 02:18:38,116,16055,-77,0.007224954689442659,155,+1.8281,+15.352
2021-12-16 03:18:36,114,16055,-70,0.007100404900363511,155,+1.8288,+15.385
2021-12-16 04:20:19,111,16056,-61,0.006913143413341358,160,+1.8292,+15.365
2021-12-16 05:21:59,111,16057,-70,0.006912697091055681,160,+1.8284,+15.264
2021-12-16 06:18:38,113,16050,-69,0.007040317059576232,158,+1.8290,+15.361
2021-12-16 07:20:19,108,16054,-65,0.006727138758906717,163,+1.8274,+15.309
2021-12-16 08:18:38,115,16064,-65,0.007158683648779751,158,+1.8289,+15.281
2021-12-16 09:18:38,116,16051,-64,0.007226780791762096,158,+1.8288,+15.226
2021-12-16 10:23:43,110,16052,-59,0.006852575080661759,155,+1.8275,+15.239
2021-12-16 11:18:39,112,16061,-61,0.006973250534798736,157,+1.8274,+15.197
