2021-11-08 13:18:58,-303,15982,58,-0.018956432869264205,155,+1.8278,+16.580
2021-11-08 14:17:17,-301,15984,48,-0.018829020941905916,154,+1.8270,+16.302
2021-11-08 15:22:21,-303,15980,50,-0.018958836854430994,150,+1.8282,+16.179
2021-11-08 16:24:00,-314,15972,54,-0.01965675949390863,152,+1.8287,+16.205
2021-11-08 17:18:59,-313,15981,55,-0.019583138339399928,146,+1.8296,+16.192
2021-11-08 18:18:58,-318,15979,50,-0.019898396144735722,150,+1.8289,+16.181
2021-11-08 19:17:16,-313,15974,50,-0.01959173775974498,152,+1.8294,+16.260
2021-11-08 20:18:59,-318,15977,52,-0.01990087839300962,154,+1.8282,+16.174
2021-11-08 21:18:57,-318,15979,57,-0.0198983669670495,157,+1.8295,+16.291
2021-11-08 22:17:16,-326,15969,43,-0.020411643978035233,152,+1.8296,+16.214
2021-11-08 23:17:16,-320,15981,48,-0.020021012406434086,152,+1.8283,+16.261
2021-11-09 00:17:16,-327,15979,41,-0.0204614360961599,154,+1.8284,+16.151
2021-11-09 01:20:39,-323,15974,45,-0.020217522772733677,150,+1.8282,+16.168
2021-11-09 02:20:38,-326,15980,44,-0.020397593935931768,150,+1.8288,+16.132
2021-11-09 03:22:20,-330,15975,52,-0.020654230044585102,150,+1.8293,+16.172
2021-11-09 04:17:16,-326,15974,40,-0.02040526673018935,154,+1.8302,+16.121
2021-11-09 05:17:16,-323,15973,47,-0.020218780860207116,154,+1.8293,+16.116
2021-11-09 06:20:40,-330,15974,55,-0.020655509665258028,150,+1.8293,+16.140
2021-11-09 07:20:39,-333,15972,40,-0.02084590027917507,154,+1.8284,+16.117
2021-11-09 08:18:59,-334,15983,58,-0.02089402465509487,154,+1.8300,+16.134
2021-11-09 09:17:16,-327,15979,51,-0.020461399243444527,154,+1.8290,+16.124
2021-11-09 10:17:17,-339,15971,56,-0.021222654784286,146,+1.8304,+16.109
2021-11-09 11:17:17,-335,15988,45,-0.02095006634585036,155,+1.8296,+16.041
2021-11-09 12:17:16,-336,15978,40,-0.02102574994400555,147,+1.8303,+16.024
2021-11-09 13:18:58,-334,15976,43,-0.020903238756168875,152,+1.8308,+16.066
2021-11-09 14:20:41,-346,15970,58,-0.021662091238648564,152,+1.8303,+16.079
2021-11-09 15:17:19,-334,15970,39,-0.020911103292762023,147,+1.8295,+16.095
2021-11-09 16:18:58,-347,15963,46,-0.02173425542824484,150,+1.8284,+16.164
2021-11-09 17:17:17,-342,15965,42,-0.021418510324088896,155,+1.8295,+16.158
2021-11-09 18:17:18,-350,15967,52,-0.02191658440239327,152,+1.8314,+16.198
2021-11-09 19:17:17,-338,15964,44,-0.02116939514197951,154,+1.8295,+16.138
2021-11-09 20:17:17,-349,15968,48,-0.021852634528253242,150,+1.8297,+16.142
2021-11-09 21:17:17,-345,15969,44,-0.021600916149374413,150,+1.8308,+16.236
2021-11-09 22:18:59,-341,15961,40,-0.02136125939880134,150,+1.8293,+16.181
2021-11-09 23:17:18,-346,15960,47,-0.0216757086755963,152,+1.8305,+16.244
2021-11-10 00:22:20,-342,15968,51,-0.021414452426379325,152,+1.8311,+16.174
2021-11-10 01:17:17,-344,15965,50,-0.0215436950350792,150,+1.8312,+16.226
2021-11-10 02:20:41,-344,15972,43,-0.021534283624882147,155,+1.8299,+16.253
2021-11-10 03:17:17,-348,15971,44,-0.021785963367669636,155,+1.8303,+16.265
2021-11-10 04:18:58,-350,15958,49,-0.021928953876793576,152,+1.8310,+16.257
2021-11-10 05:17:17,-351,15971,43,-0.02197371695158503,155,+1.8315,+16.294
2021-11-10 06:18:58,-352,15963,46,-0.022047328381830475,157,+1.8305,+16.245
2021-11-10 07:24:02,-349,15964,44,-0.0218581239898795,158,+1.8296,+16.242
2021-11-10 08:17:18,-346,15966,46,-0.021667569546782284,152,+1.8301,+16.258
2021-11-10 09:19:00,-352,15969,52,-0.022039021934850245,160,+1.8310,+16.284
2021-11-10 10:20:41,-348,15975,53,-0.02178047287836003,152,+1.8308,+16.278
2021-11-10 11:18:58,-345,15974,50,-0.021594133172148144,158,+1.8320,+16.371
2021-11-10 12:18:59,-357,15964,48,-0.022358988570740326,150,+1.8303,+16.245
2021-11-10 13:17:17,-354,15957,52,-0.022180865065831234,152,+1.8297,+16.313
2021-11-10 14:22:22,-350,15966,46,-0.02191798192218971,154,+1.8291,+16.367
2021-11-10 15:17:18,-344,15971,54,-0.02153558650619957,152,+1.8301,+16.400
2021-11-10 16:17:17,-343,15979,57,-0.021462241149406897,150,+1.8284,+16.357
2021-11-10 17:20:40,-340,15971,58,-0.021285230096297278,152,+1.8294,+16.389
2021-11-10 18:20:42,-338,15960,51,-0.02117467149712099,155,+1.8310,+16.428
2021-11-10 19:17:18,-349,15966,47,-0.02185537509940391,149,+1.8294,+16.433
2021-11-10 20:17:18,-349,15972,46,-0.02184717163074859,154,+1.8299,+16.470
2021-11-10 21:17:18,-350,15970,47,-0.02191248994239877,150,+1.8294,+16.371
2021-11-10 22:25:44,-347,15963,44,-0.021734263102179494,157,+1.8308,+16.444
2021-11-10 23:17:20,-349,15962,55,-0.021860815163434362,150,+1.8285,+16.399
2021-11-11 00:17:19,-345,15964,37,-0.02160770353061823,152,+1.8298,+16.404
2021-11-11 01:19:00,-344,15972,52,-0.021534247549625025,155,+1.8310,+16.460
2021-11-11 02:19:00,-349,15958,61,-0.021866263068591567,152,+1.8305,+16.425
2021-11-11 03:25:45,-345,15967,45,-0.021603617212467223,154,+1.8308,+16.460
2021-11-11 04:18:59,-342,15963,49,-0.021421166237914215,152,+1.8299,+16.473
2021-11-11 05:17:19,-338,15963,51,-0.021170693273401237,155,+1.8290,+16.475
2021-11-11 06:18:59,-350,15967,50,-0.021916593168019884,150,+1.8310,+16.423
2021-11-11 07:17:19,-346,15963,52,-0.021671615328257496,150,+1.8305,+16.405
2021-11-11 08:17:18,-348,15965,55,-0.02179410181695259,150,+1.8305,+16.418
2021-11-11 09:17:18,-352,15967,54,-0.022041772421646375,155,+1.8316,+16.396
2021-11-11 10:17:18,-351,15969,55,-0.02197641743588118,150,+1.8315,+16.329
2021-11-11 11:19:00,-343,15956,55,-0.02149317773574116,152,+1.8302,+16.352
2021-11-11 12:17:18,-343,15964,53,-0.021482419455573623,154,+1.8314,+16.426
2021-11-11 13:20:42,-347,15959,46,-0.02173970119013254,152,+1.8300,+16.378
2021-11-11 14:17:18,-350,15960,48,-0.021926210967658597,152,+1.8310,+16.400
2021-11-11 15:20:41,-348,15963,52,-0.02179684522152178,152,+1.8312,+16.449
2021-11-11 16:17:19,-358,15963,53,-0.022422979734739383,152,+1.8304,+16.488
2021-11-11 17:19:01,-343,15962,59,-0.02148508196835796,152,+1.8305,+16.420
2021-11-11 18:30:49,-343,15955,56,-0.021494519732460037,154,+1.8295,+16.489
2021-11-11 19:19:01,-353,15965,56,-0.022107129359420597,160,+1.8297,+16.468
2021-11-11 20:19:00,-361,15967,39,-0.022605212715175186,157,+1.8298,+16.530
2021-11-11 21:19:00,-354,15962,52,-0.022173919395285187,154,+1.8308,+16.436
2021-11-11 22:24:03,-355,15955,55,-0.022246275549316918,154,+1.8297,+16.488
2021-11-11 23:19:00,-354,15957,57,-0.02218084133599548,155,+1.8304,+16.470
2021-11-12 00:19:01,-361,15960,55,-0.02261505710169762,150,+1.8295,+16.481
2021-11-12 01:17:19,-355,15959,56,-0.022240696752418992,152,+1.8297,+16.446
2021-11-12 02:22:23,-348,15966,59,-0.02179271774777158,154,+1.8303,+16.446
2021-11-12 03:22:22,-353,15964,56,-0.022108513702603926,152,+1.8317,+16.476
2021-11-12 04:22:24,-349,15962,53,-0.02186082442687325,152,+1.8293,+16.488
2021-11-12 05:17:19,-345,15964,65,-0.021607582495273368,154,+1.8311,+16.498
2021-11-12 06:17:20,-350,15966,51,-0.021917961078397524,152,+1.8297,+16.443
2021-11-12 07:17:19,-346,15970,50,-0.021662127919026424,155,+1.8316,+16.379
2021-11-12 08:17:20,-355,15965,52,-0.02223235989864131,152,+1.8305,+16.375
2021-11-12 09:22:24,-346,15971,57,-0.02166074022298798,155,+1.8298,+16.392
2021-11-12 10:17:19,-348,15970,59,-0.021787261135696782,154,+1.8314,+16.368
2021-11-12 11:19:00,-345,15971,60,-0.021598141567190556,152,+1.8304,+16.300
2021-11-12 12:17:19,-345,15976,54,-0.02159141312701642,150,+1.8309,+16.326
2021-11-12 13:17:19,-343,15968,55,-0.02147703070804586,155,+1.8305,+16.352
2021-11-12 14:20:43,-339,15976,62,-0.021215985399741958,152,+1.8308,+16.287
2021-11-12 15:19:00,-340,15970,56,-0.021286572013910446,155,+1.8301,+16.282
2021-11-12 16:17:20,-340,15978,55,-0.02127592204478781,154,+1.8293,+16.347
2021-11-12 17:20:43,-346,15973,49,-0.02165806491716818,150,+1.8328,+16.405
2021-11-12 18:17:20,-346,15973,49,-0.02165806491716818,152,+1.8312,+16.430
2021-11-12 19:20:42,-338,15974,48,-0.021156131539813886,155,+1.8314,+16.407
2021-11-12 20:17:19,-340,15969,44,-0.021287954660135958,155,+1.8308,+16.426
2021-11-12 21:19:01,-337,15973,53,-0.021094857328706775,152,+1.8333,+16.491
2021-11-12 22:19:01,-337,15965,50,-0.021105437415498775,155,+1.8328,+16.415
2021-11-12 23:20:43,-341,15974,60,-0.021343796896769584,155,+1.8288,+16.446
2021-11-13 00:22:23,-334,15971,43,-0.02090978092507623,152,+1.8292,+16.430
2021-11-13 01:17:20,-335,15972,57,-0.020970996528619633,150,+1.8306,+16.455
2021-11-13 02:24:04,-339,15964,55,-0.02123196234599757,157,+1.8310,+16.455
2021-11-13 03:19:01,-340,15959,47,-0.021301278265826482,155,+1.8299,+16.473
2021-11-13 04:17:20,-340,15956,46,-0.021305285912862074,150,+1.8295,+16.462
2021-11-13 05:19:01,-339,15971,58,-0.021222645302191073,155,+1.8303,+16.434
2021-11-13 06:19:02,-344,15970,47,-0.0215369644182515,157,+1.8304,+16.451
2021-11-13 07:17:21,-345,15968,47,-0.021602256920177625,158,+1.8296,+16.422
2021-11-13 08:19:02,-346,15962,56,-0.021672954221475273,154,+1.8297,+16.443
2021-11-13 09:19:01,-344,15952,57,-0.021561214625458784,154,+1.8297,+16.438
2021-11-13 10:20:42,-343,15960,49,-0.021487819007869655,154,+1.8299,+16.443
2021-11-13 11:17:22,-344,15955,51,-0.02155718923181248,149,+1.8300,+16.498
2021-11-13 12:19:02,-358,15955,47,-0.02243424538029001,152,+1.8297,+16.501
2021-11-13 13:19:01,-351,15952,50,-0.021999852496623618,150,+1.8315,+16.455
2021-11-13 14:17:22,-353,15960,52,-0.022114071555279776,154,+1.8300,+16.493
2021-11-13 15:19:02,-350,15959,51,-0.02192757164278895,154,+1.8317,+16.468
2021-11-13 16:17:20,-353,15957,61,-0.02211818356115501,152,+1.8308,+16.475
2021-11-15 10:19:03,-338,15971,51,-0.02116009198008457,147,+1.8285,+16.250
2021-11-15 11:19:03,-336,15969,57,-0.021037528319885482,149,+1.8311,+16.156
2021-11-15 12:22:25,-331,15974,60,-0.02071806089976509,154,+1.8311,+16.193
2021-11-15 13:27:30,-337,15975,60,-0.02109218447956068,154,+1.8295,+16.105
2021-11-15 14:22:25,-325,15977,56,-0.02033881133789985,152,+1.8317,+16.130
2021-11-15 15:19:03,-334,15969,61,-0.02091232220447491,150,+1.8294,+16.227
2021-11-15 16:19:03,-336,15965,57,-0.02104279760928769,155,+1.8309,+16.197
2021-11-15 17:19:03,-329,15970,56,-0.020598086836734676,152,+1.8300,+16.174
2021-11-15 18:27:29,-329,15980,61,-0.020585177148481775,149,+1.8302,+16.119
2021-11-15 19:17:22,-333,15981,59,-0.020834087290560844,149,+1.8302,+16.163
2021-11-15 20:19:03,-333,15978,68,-0.020837951242015425,149,+1.8292,+16.059
2021-11-15 21:22:27,-322,15981,61,-0.02014605411140453,154,+1.8322,+16.106
2021-11-15 22:20:45,-336,15976,71,-0.021028239612335436,149,+1.8315,+16.077
2021-11-15 23:19:04,-311,15989,54,-0.01944830915185369,149,+1.8292,+16.048
2021-11-16 00:17:23,-328,15986,76,-0.020514842904079168,150,+1.8289,+16.024
2021-11-16 01:17:24,-322,15985,56,-0.020141037357890922,147,+1.8299,+15.944
2021-11-16 02:19:04,-322,15985,76,-0.020140933340888695,147,+1.8298,+15.974
2021-11-16 03:17:22,-326,15985,61,-0.020391144320136324,150,+1.8297,+15.961
2021-11-16 04:22:26,-328,15989,57,-0.020511096233599486,150,+1.8306,+15.920
2021-11-16 05:19:04,-317,15988,55,-0.019824655658491487,149,+1.8294,+15.894
2021-11-16 06:17:23,-321,15984,77,-0.020079650473738386,144,+1.8289,+15.849
2021-11-16 07:17:23,-315,15981,60,-0.019708215737177865,144,+1.8307,+15.873
2021-11-16 08:17:23,-317,15986,61,-0.019827108239104597,149,+1.8304,+15.797
2021-11-16 09:22:28,-319,15992,66,-0.019944658847569376,149,+1.8297,+15.749
2021-11-16 10:20:45,-310,15984,65,-0.01939180295757928,146,+1.8301,+15.745
2021-11-16 11:19:04,-319,15987,67,-0.01995088967100636,146,+1.8289,+15.671
2021-11-16 12:17:25,-323,15987,63,-0.02020101047840648,146,+1.8301,+15.747
2021-11-16 13:19:04,-324,15993,65,-0.02025592512617511,144,+1.8302,+15.813
2021-11-16 14:17:24,-321,15992,60,-0.020069699915232674,146,+1.8284,+15.778
2021-11-16 15:22:27,-320,15988,59,-0.020012202997982464,149,+1.8312,+15.726
2021-11-16 16:22:27,-317,15994,58,-0.019817207531599008,152,+1.8299,+15.766
2021-11-16 17:19:06,-317,15985,54,-0.01982837947847388,147,+1.8294,+15.694
2021-11-16 18:17:24,-324,15984,51,-0.020267391574571626,143,+1.8290,+15.736
2021-11-16 19:17:23,-323,15986,50,-0.020202331832146026,147,+1.8305,+15.702
2021-11-16 20:27:32,-323,15978,52,-0.020212435979937417,144,+1.8297,+15.720
2021-11-16 21:20:47,-321,15991,51,-0.020070993817772824,144,+1.8310,+15.749
2021-11-16 22:19:04,-332,15982,53,-0.020770268507675542,149,+1.8304,+15.781
2021-11-16 23:17:23,-339,15972,49,-0.02122135701992566,143,+1.8297,+15.771
2021-11-17 00:17:23,-329,15981,58,-0.02058390381020211,147,+1.8299,+15.766
2021-11-17 01:17:24,-327,15981,53,-0.020458830939532623,144,+1.8303,+15.728
2021-11-17 02:19:04,-330,15976,52,-0.02065293759726952,149,+1.8295,+15.742
2021-11-17 03:29:12,-331,15976,50,-0.020715512656698624,149,+1.8294,+15.716
2021-11-17 04:20:47,-331,15973,46,-0.020719417817034718,147,+1.8306,+15.728
2021-11-17 05:17:25,-327,15980,47,-0.020460134875296,149,+1.8305,+15.674
2021-11-17 06:20:47,-333,15969,64,-0.020849713306889263,149,+1.8293,+15.642
2021-11-17 07:19:05,-329,15970,48,-0.020598120424665984,144,+1.8280,+15.682
2021-11-17 08:17:23,-328,15983,53,-0.020518811482985375,146,+1.8292,+15.708
2021-11-17 09:22:28,-337,15962,54,-0.021109385660982617,144,+1.8284,+15.611
2021-11-17 10:19:05,-336,15973,62,-0.02103223715146153,141,+1.8312,+15.718
2021-11-17 11:22:27,-344,15977,58,-0.02152748274204203,144,+1.8293,+15.621
2021-11-17 12:17:24,-349,15977,50,-0.02184032037024525,143,+1.8313,+15.629
2021-11-17 13:19:05,-339,15982,51,-0.021208074540477292,143,+1.8302,+15.634
2021-11-17 14:20:47,-344,15971,51,-0.021535599799542032,149,+1.8302,+15.598
2021-11-17 15:17:24,-345,15969,45,-0.021600912381137264,147,+1.8318,+15.653
2021-11-17 16:19:05,-345,15970,54,-0.021599522501886435,144,+1.8297,+15.786
2021-11-17 17:17:24,-345,15976,53,-0.02159141765139498,144,+1.8308,+15.771
2021-11-17 18:20:47,-347,15977,50,-0.02171520039674624,146,+1.8293,+15.812
2021-11-17 19:20:46,-346,15975,52,-0.021655341443969283,154,+1.8286,+15.765
2021-11-17 20:17:24,-343,15978,55,-0.02146359337004163,147,+1.8295,+15.797
2021-11-17 21:17:24,-344,15977,52,-0.021527510563356944,146,+1.8306,+15.773
2021-11-17 22:20:48,-337,15978,51,-0.021088266727051316,147,+1.8299,+15.770
2021-11-17 23:17:24,-342,15980,59,-0.02139833970110144,149,+1.8302,+15.794
2021-11-18 00:22:28,-352,15980,53,-0.022023851684958448,144,+1.8288,+15.773
2021-11-18 01:19:07,-347,15970,53,-0.0217247024002491,150,+1.8300,+15.843
2021-11-18 02:17:25,-346,15970,49,-0.02166213212199828,147,+1.8309,+15.792
2021-11-18 03:19:05,-341,15977,54,-0.02133981902871126,147,+1.8292,+15.851
2021-11-18 04:17:26,-338,15984,48,-0.021142899786496198,154,+1.8299,+15.907
2021-11-18 05:20:48,-348,15964,41,-0.021795524024302276,147,+1.8305,+15.859
2021-11-18 06:19:05,-346,15981,54,-0.021647204680608705,150,+1.8303,+15.893
2021-11-18 07:17:26,-345,15976,58,-0.0215913941838548,152,+1.8296,+15.860
2021-11-18 08:20:47,-353,15970,55,-0.022100215050356243,146,+1.8300,+15.826
2021-11-18 09:19:07,-340,15978,45,-0.021275963700889307,146,+1.8289,+15.860
2021-11-18 10:19:07,-357,15974,43,-0.02234501615939024,154,+1.8304,+15.809
2021-11-18 11:17:24,-345,15970,51,-0.021599535836340125,150,+1.8305,+15.868
2021-11-18 12:17:25,-339,15962,57,-0.021234612496867526,147,+1.8300,+15.794
2021-11-18 13:17:26,-351,15975,51,-0.02196818437936475,149,+1.8297,+15.904
2021-11-18 14:17:25,-349,15964,56,-0.021858072545548328,147,+1.8296,+15.889
2021-11-18 15:17:25,-353,15967,47,-0.022104401366099032,154,+1.8304,+15.975
2021-11-18 16:17:25,-346,15970,57,-0.021662096120864033,150,+1.8295,+15.975
2021-11-18 17:17:25,-348,15973,47,-0.0217832247521911,150,+1.8312,+16.043
2021-11-18 18:17:25,-350,15972,47,-0.021909746981223534,154,+1.8303,+16.066
2021-11-18 19:19:07,-357,15969,58,-0.0223519437785947,154,+1.8283,+16.062
2021-11-18 20:19:06,-348,15969,53,-0.0217886537318556,154,+1.8301,+16.108
2021-11-18 21:17:25,-351,15974,55,-0.021969540922454928,149,+1.8303,+16.072
2021-11-18 22:19:06,-353,15968,52,-0.02210299608758613,154,+1.8287,+16.040
2021-11-18 23:19:08,-349,15971,57,-0.021848490603564287,155,+1.8306,+16.109
2021-11-19 00:17:27,-351,15961,55,-0.021987428814184615,152,+1.8314,+16.198
2021-11-19 01:19:07,-353,15963,50,-0.02210992580196922,150,+1.8297,+16.137
2021-11-19 02:19:06,-363,15966,59,-0.02273174215313842,154,+1.8307,+16.211
2021-11-19 03:20:49,-362,15961,53,-0.022676270538489453,150,+1.8296,+16.181
2021-11-19 04:19:07,-344,15966,52,-0.021542337500324263,150,+1.8302,+16.166
2021-11-19 05:17:26,-355,15960,60,-0.022239283453088586,152,+1.8293,+16.187
2021-11-19 06:17:25,-354,15958,57,-0.02217945185832478,146,+1.8300,+16.187
2021-11-19 07:19:06,-358,15959,55,-0.022428588427543646,149,+1.8316,+16.211
2021-11-19 08:17:25,-369,15959,49,-0.023117521463380666,149,+1.8287,+16.226
2021-11-19 09:19:06,-361,15962,63,-0.022612182614095058,154,+1.8289,+16.168
2021-11-19 10:20:48,-364,15964,66,-0.02279715794103818,152,+1.8305,+16.221
2021-11-19 11:19:07,-359,15967,56,-0.02247994720783755,150,+1.8292,+16.224
2021-11-19 12:29:14,-361,15958,55,-0.022617890423802377,152,+1.8298,+16.206
2021-11-19 13:17:26,-364,15959,55,-0.02280435732349182,149,+1.8312,+16.232
2021-11-19 14:17:25,-362,15958,56,-0.022680517464313567,152,+1.8310,+16.218
2021-11-19 15:22:29,-369,15967,68,-0.023105842346664466,154,+1.8309,+16.203
2021-11-19 16:19:08,-366,15970,65,-0.022913770304781506,152,+1.8306,+16.260
2021-11-19 17:17:26,-360,15973,65,-0.022534031416477904,154,+1.8312,+16.261
2021-11-19 18:17:26,-352,15972,64,-0.022034823660579034,154,+1.8313,+16.316
2021-11-19 19:22:30,-367,15963,60,-0.022986454152311604,150,+1.8292,+16.266
2021-11-19 20:19:08,-355,15967,63,-0.02222952092594626,152,+1.8295,+16.321
2021-11-19 21:19:09,-356,15965,60,-0.022294926368864397,150,+1.8300,+16.320
2021-11-19 22:17:26,-362,15967,63,-0.022667700824448484,154,+1.8297,+16.324
2021-11-19 23:19:07,-352,15973,68,-0.022033421833679914,152,+1.8304,+16.329
2021-11-20 00:19:09,-362,15962,68,-0.022674769665384557,158,+1.8302,+16.326
2021-11-20 01:17:27,-354,15962,62,-0.02217386980526613,149,+1.8300,+16.320
2021-11-20 02:17:26,-362,15964,62,-0.02267196463524483,152,+1.8300,+16.345
2021-11-20 03:19:08,-360,15972,77,-0.02253536652460782,157,+1.8298,+16.363
2021-11-20 04:19:08,-359,15966,62,-0.0224813234957777,154,+1.8302,+16.347
2021-11-20 05:17:26,-358,15964,70,-0.022421483673943067,158,+1.8300,+16.388
2021-11-20 06:20:50,-353,15968,65,-0.022102930185173716,158,+1.8323,+16.383
2021-11-20 07:24:13,-359,15958,62,-0.02249258977203576,150,+1.8298,+16.355
2021-11-20 08:17:26,-359,15969,64,-0.022477090448843627,158,+1.8316,+16.350
2021-11-20 09:19:09,-362,15973,66,-0.022659171936266913,154,+1.8291,+16.331
2021-11-20 10:20:49,-357,15969,73,-0.022351857691210012,158,+1.8313,+16.337
2021-11-20 11:19:08,-355,15981,68,-0.022210025207824155,160,+1.8288,+16.308
2021-11-20 12:19:07,-350,15977,66,-0.0219028005007421,154,+1.8293,+16.337
2021-11-20 13:19:08,-356,15959,64,-0.022303283838053398,147,+1.8296,+16.355
2021-11-20 14:17:26,-358,15969,65,-0.022414495499526937,150,+1.8302,+16.307
2021-11-20 15:19:08,-357,15965,63,-0.022357515550073485,154,+1.8308,+16.258
2021-11-20 16:20:50,-348,15968,68,-0.02178994027685895,154,+1.8309,+16.355
2021-11-20 17:19:09,-355,15964,54,-0.022233742836356624,144,+1.8300,+16.315
2021-11-20 18:17:27,-355,15963,65,-0.02223507809986384,150,+1.8310,+16.289
2021-11-20 19:19:08,-352,15977,66,-0.022027918992468327,155,+1.8297,+16.305
2021-11-20 20:19:08,-351,15971,65,-0.02197361464354628,157,+1.8319,+16.278
2021-11-20 21:17:27,-350,15961,61,-0.021924776728366593,152,+1.8293,+16.331
2021-11-20 22:17:27,-350,15976,60,-0.021904203449655293,150,+1.8306,+16.281
2021-11-20 23:24:12,-357,15963,67,-0.022360292932964133,152,+1.8294,+16.218
2021-11-21 00:19:09,-354,15967,69,-0.022166888677260337,149,+1.8285,+16.261
2021-11-21 01:19:10,-351,15973,68,-0.021970847055831966,150,+1.8312,+16.250
2021-11-21 02:17:28,-346,15969,67,-0.021663399535741482,154,+1.8300,+16.177
2021-11-21 03:19:09,-346,15971,75,-0.021660639371781493,149,+1.8314,+16.227
2021-11-21 04:19:08,-343,15977,71,-0.021464851613103388,155,+1.8319,+16.218
2021-11-21 05:17:27,-343,15977,66,-0.021464880404112516,154,+1.8306,+16.253
2021-11-21 06:20:50,-346,15981,77,-0.021647077031268606,155,+1.8307,+16.168
2021-11-21 07:20:49,-339,15978,76,-0.021213250344687518,150,+1.8303,+16.234
2021-11-21 08:20:51,-342,15976,75,-0.02140360574527256,157,+1.8311,+16.160
2021-11-21 09:17:27,-343,15976,77,-0.021466157412394694,150,+1.8302,+16.168
2021-11-21 10:24:12,-341,15977,66,-0.02133975885675878,150,+1.8304,+16.138
2021-11-21 11:19:08,-331,15982,72,-0.020707629124365887,150,+1.8320,+16.132
2021-11-21 12:19:10,-342,15981,68,-0.021396953276374454,149,+1.8313,+16.106
2021-11-21 13:20:50,-329,15979,78,-0.02058636979789808,150,+1.8294,+16.079
2021-11-21 14:17:28,-339,15983,68,-0.021206664093966144,149,+1.8294,+16.045
2021-11-21 15:17:27,-331,15988,65,-0.020699899131013468,152,+1.8314,+16.069
2021-11-21 16:17:28,-331,15979,73,-0.020711509837828657,146,+1.8304,+16.098
2021-11-21 17:19:09,-329,15988,80,-0.020574772106736163,146,+1.8305,+16.067
2021-11-21 18:17:28,-333,15989,78,-0.020823560256146584,152,+1.8301,+16.045
2021-11-21 19:19:10,-329,15985,65,-0.02057871986670609,150,+1.8296,+16.050
2021-11-21 20:17:27,-330,15982,71,-0.020645091890481384,154,+1.8303,+16.024
2021-11-21 21:20:52,-324,15988,64,-0.02026226312704835,146,+1.8306,+15.957
2021-11-21 22:17:28,-327,15990,75,-0.020447206419445783,147,+1.8298,+16.019
2021-11-21 23:17:28,-330,15989,70,-0.020636061882470937,149,+1.8293,+16.007
2021-11-22 00:17:29,-334,15989,68,-0.0208861349345124,149,+1.8307,+15.999
2021-11-22 01:19:10,-328,15990,69,-0.020509753238591933,147,+1.8308,+15.936
2021-11-22 02:20:51,-328,15994,67,-0.020504636308011533,152,+1.8302,+15.974
2021-11-22 03:19:10,-332,15988,66,-0.02076241332825738,143,+1.8311,+15.940
2021-11-22 04:22:31,-329,15989,62,-0.020573588511338545,144,+1.8296,+15.889
2021-11-22 05:20:50,-320,15996,60,-0.020002192550523306,147,+1.8319,+15.891
2021-11-22 06:17:29,-322,15985,64,-0.020140999533340014,146,+1.8293,+15.830
2021-11-22 07:17:28,-325,15990,63,-0.02032224738082794,143,+1.8313,+15.810
2021-11-22 08:19:10,-324,15993,71,-0.02025589282447671,143,+1.8294,+15.723
2021-11-22 09:17:28,-324,16002,66,-0.020244530716747304,143,+1.8283,+15.733
2021-11-22 10:17:30,-323,15997,66,-0.020188370846062446,146,+1.8300,+15.665
2021-11-22 11:19:10,-315,15999,64,-0.019686029584009362,146,+1.8285,+15.712
2021-11-22 12:17:28,-323,15987,61,-0.020201020276379586,144,+1.8311,+15.760
2021-11-22 13:17:29,-325,15991,62,-0.020320981860392204,146,+1.8295,+15.760
2021-11-22 14:19:10,-325,15994,64,-0.020317161348689227,149,+1.8298,+15.807
2021-11-22 15:17:30,-323,15985,56,-0.020203570169844597,150,+1.8307,+15.838
2021-11-22 16:17:28,-321,15986,65,-0.020077205969749275,143,+1.8289,+15.831
2021-11-22 17:20:52,-327,15988,50,-0.020449888435776137,146,+1.8307,+15.854
2021-11-22 18:17:28,-321,15991,55,-0.02007097718242475,143,+1.8280,+15.791
2021-11-22 19:17:29,-326,15987,51,-0.02038863875823189,141,+1.8298,+15.841
2021-11-22 20:17:30,-317,15987,61,-0.019825868380198317,146,+1.8295,+15.765
2021-11-22 21:19:10,-326,15992,62,-0.020382216433913785,147,+1.8308,+15.703
2021-11-22 22:17:28,-315,15991,54,-0.019695920866384737,147,+1.8279,+15.766
2021-11-22 23:17:28,-318,15989,58,-0.019885920900118745,147,+1.8288,+15.763
2021-11-23 00:19:12,-322,15985,50,-0.020141062416773253,143,+1.8291,+15.789
2021-11-23 01:17:29,-323,15982,48,-0.02020739442867123,141,+1.8308,+15.765
2021-11-23 02:17:30,-321,15987,49,-0.020076022099068874,135,+1.8288,+15.750
2021-11-23 03:20:51,-335,15990,64,-0.02094736192628791,144,+1.8288,+15.783
2021-11-23 04:17:29,-326,15982,57,-0.020394989687343237,146,+1.8308,+15.760
2021-11-23 05:17:29,-324,15981,65,-0.020271130715634404,143,+1.8301,+15.734
2021-11-23 06:19:10,-335,15983,51,-0.02095659461548584,141,+1.8297,+15.715
2021-11-23 07:22:34,-336,15981,46,-0.021021782886350215,147,+1.8290,+15.692
2021-11-23 08:19:12,-324,15982,50,-0.020269931137827286,149,+1.8310,+15.754
2021-11-23 09:17:29,-328,15982,51,-0.020520103331225698,144,+1.8306,+15.763
2021-11-23 10:20:51,-332,15979,57,-0.020774148992163108,139,+1.8297,+15.744
2021-11-23 11:19:11,-333,15983,57,-0.020831490505888953,144,+1.8290,+15.766
2021-11-23 12:17:30,-333,15974,44,-0.0208432773537929,141,+1.8296,+15.831
2021-11-23 13:20:51,-338,15975,51,-0.02115479531328953,150,+1.8299,+15.876
2021-11-23 14:20:52,-328,15974,57,-0.020530351030366666,146,+1.8285,+15.893
2021-11-23 15:20:52,-336,15975,51,-0.021029656022022586,150,+1.8310,+15.885
2021-11-23 16:19:11,-337,15974,51,-0.021093545754944487,143,+1.8302,+15.935
2021-11-23 17:19:10,-340,15978,51,-0.02127593970694497,146,+1.8304,+15.967
2021-11-23 18:19:10,-341,15974,51,-0.021343838664709375,146,+1.8300,+16.011
2021-11-23 19:20:53,-337,15970,48,-0.021098839707326542,147,+1.8298,+15.999
2021-11-23 20:24:15,-337,15975,57,-0.021092198980043265,152,+1.8307,+16.014
2021-11-23 21:17:31,-335,15979,50,-0.020961843204405976,152,+1.8304,+15.941
2021-11-23 22:22:33,-343,15975,49,-0.021467649043170615,147,+1.8272,+15.914
2021-11-23 23:22:33,-345,15976,56,-0.02159140382456475,150,+1.8292,+15.922
2021-11-24 00:19:11,-343,15982,59,-0.02145820399278177,147,+1.8294,+16.012
2021-11-24 01:24:15,-336,15977,52,-0.02102702009261764,146,+1.8311,+16.009
2021-11-24 02:19:11,-354,15974,56,-0.022157248767525548,144,+1.8306,+15.917
2021-11-24 03:17:30,-352,15975,55,-0.022030733283360072,146,+1.8302,+15.957
2021-11-24 04:19:12,-342,15974,56,-0.021406389041683127,147,+1.8292,+15.923
2021-11-24 05:19:11,-346,15969,59,-0.021663442337287928,147,+1.8303,+15.907
2021-11-24 06:22:33,-348,15972,46,-0.021784592116776982,147,+1.8288,+15.914
2021-11-24 07:20:52,-341,15973,49,-0.02134518285364378,147,+1.8284,+15.936
2021-11-24 08:17:30,-339,15976,54,-0.02121602395728903,147,+1.8292,+15.928
2021-11-24 09:19:12,-342,15981,57,-0.02139701085722352,152,+1.8303,+15.888
2021-11-24 10:29:18,-350,15970,42,-0.021912509052794963,149,+1.8305,+15.876
2021-11-24 11:19:12,-351,15979,54,-0.02196267339672792,147,+1.8303,+15.912
2021-11-24 12:19:11,-344,15969,53,-0.02153828733265522,149,+1.8310,+15.881
2021-11-24 13:17:31,-349,15971,53,-0.02184850944164758,146,+1.8296,+15.868
2021-11-24 14:19:12,-348,15976,53,-0.021779109999900893,146,+1.8300,+15.978
2021-11-24 15:22:35,-353,15976,58,-0.022091903152550336,150,+1.8302,+15.940
2021-11-24 16:20:53,-348,15977,51,-0.02177775616176631,143,+1.8293,+15.969
2021-11-24 17:25:56,-354,15971,49,-0.022161441300337228,146,+1.8297,+15.920
2021-11-24 18:19:12,-355,15979,57,-0.022212863934914437,147,+1.8297,+15.970
2021-11-24 19:17:30,-335,15980,54,-0.020960514778636686,154,+1.8295,+15.954
2021-11-24 20:19:13,-349,15984,58,-0.021830721897233986,144,+1.8305,+15.878
2021-11-24 21:19:12,-343,15977,51,-0.021464954168467488,150,+1.8297,+15.930
2021-11-24 22:17:30,-350,15968,48,-0.021915229509076015,146,+1.8299,+15.920
2021-11-24 23:19:13,-341,15979,48,-0.021337174450462345,150,+1.8286,+15.936
2021-11-25 00:19:12,-342,15978,57,-0.021401027043216204,147,+1.8289,+15.980
2021-11-25 01:22:34,-343,15985,50,-0.021454219265302683,152,+1.8297,+15.956
2021-11-25 02:17:30,-347,15980,48,-0.02171113335121193,146,+1.8288,+15.896
2021-11-25 03:17:30,-345,15981,51,-0.021584673270843728,139,+1.8287,+15.880
2021-11-25 04:19:13,-344,15984,58,-0.02151805807531565,147,+1.8285,+15.860
2021-11-25 05:17:31,-349,15981,58,-0.021834818667857844,149,+1.8298,+15.839
2021-11-25 06:20:53,-343,15979,42,-0.021462303542329423,154,+1.8300,+15.818
2021-11-25 07:17:31,-345,15979,46,-0.02158739453039225,141,+1.8287,+15.813
2021-11-25 08:19:12,-343,15981,57,-0.021459556038426017,139,+1.8293,+15.802
2021-11-25 09:19:13,-346,15981,58,-0.02164718570041123,143,+1.8283,+15.674
2021-11-25 10:17:32,-342,15982,55,-0.021395681842186286,143,+1.8310,+15.681
2021-11-25 11:22:35,-348,15970,51,-0.021787298711064114,147,+1.8294,+15.678
2021-11-25 12:20:53,-353,15975,56,-0.022093295455011014,141,+1.8295,+15.602
2021-11-25 13:19:12,-350,15981,47,-0.021897412147875096,141,+1.8281,+15.692
2021-11-25 14:17:31,-347,15984,53,-0.021705680445361378,143,+1.8287,+15.676
2021-11-25 15:19:12,-340,15982,51,-0.02127061639184226,144,+1.8299,+15.750
2021-11-25 16:20:53,-348,15975,60,-0.02178043913495454,144,+1.8285,+15.880
2021-11-25 17:20:54,-346,15973,55,-0.02165803844066905,144,+1.8288,+15.901
2021-11-25 18:19:12,-336,15988,57,-0.021012535185000212,154,+1.8296,+15.883
2021-11-25 19:19:13,-348,15981,43,-0.02177233907170709,144,+1.8309,+15.841
2021-11-25 20:19:13,-345,15982,51,-0.021583323142535776,147,+1.8293,+15.817
2021-11-25 21:24:16,-348,15982,55,-0.021770927106675872,147,+1.8289,+15.828
2021-11-25 22:19:12,-347,15984,50,-0.02170569356706274,147,+1.8290,+15.763
2021-11-25 23:17:33,-346,15976,55,-0.021653972777501976,143,+1.8300,+15.802
2021-11-26 00:19:13,-344,15977,53,-0.021527506137231447,147,+1.8292,+15.852
2021-11-26 01:17:31,-342,15976,47,-0.02140374893136797,144,+1.8290,+15.739
2021-11-26 02:19:13,-341,15984,48,-0.021330501993787016,146,+1.8297,+15.729
2021-11-26 03:17:31,-349,15985,48,-0.021829401912183764,139,+1.8309,+15.676
2021-11-26 04:20:54,-340,15979,44,-0.02127463632457818,144,+1.8304,+15.574
2021-11-26 05:19:14,-344,15985,46,-0.02151676489659897,146,+1.8287,+15.508
2021-11-26 06:17:32,-339,15980,45,-0.021210751959146002,141,+1.8304,+15.558
2021-11-26 07:19:14,-337,15979,51,-0.021086947382854163,141,+1.8281,+15.559
2021-11-26 08:17:32,-347,15988,52,-0.021700256172396716,139,+1.8294,+15.550
2021-11-26 09:20:54,-346,15987,45,-0.021639120713149235,143,+1.8298,+15.456
2021-11-26 10:19:15,-346,15975,42,-0.02165538131357798,144,+1.8287,+15.513
2021-11-26 11:17:32,-345,15987,36,-0.021576630100339705,143,+1.8293,+15.462
2021-11-26 12:17:32,-345,15987,39,-0.021576620605997066,146,+1.8306,+15.548
2021-11-26 13:22:36,-339,15987,46,-0.0212014637931034,146,+1.8284,+15.639
2021-11-26 14:17:33,-335,15990,43,-0.020947453944616248,141,+1.8278,+15.645
2021-11-26 15:17:34,-336,15986,41,-0.0210152276970705,144,+1.8297,+15.726
2021-11-26 16:19:13,-342,15986,47,-0.02139036407358707,144,+1.8296,+15.708
2021-11-26 17:17:32,-343,15986,42,-0.021452908509998873,143,+1.8285,+15.663
2021-11-26 18:19:14,-337,15985,45,-0.021079058533807905,144,+1.8304,+15.582
2021-11-26 19:19:13,-344,15985,46,-0.02151676489659897,141,+1.8297,+15.545
2021-11-26 20:17:33,-347,15980,41,-0.021711159826907994,139,+1.8282,+15.477
2021-11-26 21:17:33,-347,15977,52,-0.02171519172248509,143,+1.8303,+15.480
2021-11-26 22:20:54,-349,15979,37,-0.021837635988196793,143,+1.8306,+15.424
2021-11-26 23:17:34,-345,15979,47,-0.021587390600186045,141,+1.8305,+15.333
2021-11-27 00:17:32,-347,15977,38,-0.021715245298970145,138,+1.8299,+15.352
2021-11-27 01:19:14,-348,15987,42,-0.021764174063022324,139,+1.8303,+15.320
2021-11-27 02:17:33,-349,15980,40,-0.02183625999605993,136,+1.8294,+15.357
2021-11-27 03:20:55,-354,15985,40,-0.02214207306494061,139,+1.8297,+15.375
2021-11-27 04:20:55,-347,15992,41,-0.021694873531731704,136,+1.8301,+15.372
2021-11-27 05:19:14,-354,15985,45,-0.022142054656936007,141,+1.8295,+15.386
2021-11-27 06:20:57,-340,15984,37,-0.02126800699567046,136,+1.8294,+15.315
2021-11-27 07:19:14,-354,15987,35,-0.022139320213925128,139,+1.8294,+15.297
2021-11-27 08:17:33,-351,15984,36,-0.021955875063363012,141,+1.8285,+15.291
2021-11-27 09:20:56,-347,15997,49,-0.021688064282882537,143,+1.8294,+15.328
2021-11-27 10:20:55,-346,15989,49,-0.021636398922322563,139,+1.8295,+15.257
2021-11-27 11:17:34,-343,15985,51,-0.021454215026519917,135,+1.8306,+15.234
2021-11-27 12:19:15,-339,15988,41,-0.021200156148692258,133,+1.8288,+15.189
2021-11-27 13:17:34,-355,15986,42,-0.022203205105739816,136,+1.8297,+15.202
2021-11-27 14:19:15,-346,15984,44,-0.02164318457795054,135,+1.8289,+15.121
2021-11-27 15:17:34,-347,15988,46,-0.021700281123153253,139,+1.8287,+15.126
2021-11-27 16:19:15,-351,15990,47,-0.021947599975587262,141,+1.8298,+15.154
2021-11-27 17:17:34,-347,15990,43,-0.021697579091386192,135,+1.8281,+15.149
2021-11-27 18:19:15,-349,15988,47,-0.02182531121931046,135,+1.8276,+15.121
2021-11-27 19:17:33,-356,15990,49,-0.022260132950198425,138,+1.8302,+15.086
2021-11-27 20:17:34,-356,15993,49,-0.02225595876648521,135,+1.8295,+15.056
2021-11-27 21:19:15,-356,15996,38,-0.02225182774619774,143,+1.8302,+15.107
2021-11-27 22:17:35,-360,15985,40,-0.022517236653935575,135,+1.8293,+15.065
2021-11-27 23:19:16,-358,15988,38,-0.022387989397433115,141,+1.8288,+15.056
2021-11-28 00:20:57,-362,15983,43,-0.02264511105789699,139,+1.8290,+15.042
2021-11-28 01:17:33,-366,15985,33,-0.02289241678594351,138,+1.8286,+15.023
2021-11-28 02:19:15,-364,15980,38,-0.022774470343706416,138,+1.8296,+14.993
2021-11-28 03:17:33,-350,15988,42,-0.021887847030782445,135,+1.8288,+15.016
2021-11-28 04:17:34,-355,15982,42,-0.022208760293482777,138,+1.8299,+15.011
2021-11-28 05:19:14,-360,15985,50,-0.022517197012292264,136,+1.8294,+14.997
2021-11-28 06:19:15,-362,15988,37,-0.022638052867807557,136,+1.8292,+15.003
2021-11-28 07:22:38,-359,15987,46,-0.022451879010600966,138,+1.8265,+15.001
2021-11-28 08:19:15,-356,15994,46,-0.02225458011260981,139,+1.8278,+14.925
2021-11-28 09:19:17,-361,15984,48,-0.022581144363665095,136,+1.8304,+14.875
2021-11-28 10:19:16,-354,15987,42,-0.022139296876958182,133,+1.8291,+14.892
2021-11-28 11:20:56,-353,15987,57,-0.02207671272398143,136,+1.8273,+14.875
2021-11-28 12:17:35,-352,15984,40,-0.02201839413198006,136,+1.8289,+14.896
2021-11-28 13:19:16,-359,15984,41,-0.022456110611148213,135,+1.8277,+14.837
2021-11-28 14:17:35,-357,15982,35,-0.022333862140510502,141,+1.8302,+14.893
2021-11-28 15:19:16,-358,15986,46,-0.022390759965760045,131,+1.8277,+14.904
2021-11-28 16:19:15,-358,15982,28,-0.02239642041737313,133,+1.8295,+14.882
2021-11-28 17:24:19,-357,15983,35,-0.022332465260717107,133,+1.8300,+14.908
2021-11-28 18:19:16,-371,15981,38,-0.02321083314255466,131,+1.8298,+14.924
2021-11-28 19:20:57,-363,15972,40,-0.022723289606810193,128,+1.8271,+14.903
2021-11-28 20:19:17,-360,15986,40,-0.0225158285789957,133,+1.8293,+14.916
2021-11-28 21:20:58,-371,15982,44,-0.023209359016504824,135,+1.8283,+14.846
2021-11-28 22:19:16,-367,15984,44,-0.022956340003225276,139,+1.8304,+14.864
2021-11-28 23:19:15,-366,15980,44,-0.02289953912172083,127,+1.8299,+14.851
2021-11-29 00:20:56,-360,15984,34,-0.02251866446526069,135,+1.8292,+14.822
2021-11-29 01:19:15,-366,15995,49,-0.022878050968055355,131,+1.8283,+14.832
2021-11-29 02:19:16,-366,15991,44,-0.02288379244779861,135,+1.8290,+14.820
2021-11-29 03:17:35,-352,15987,43,-0.02201425296673377,138,+1.8276,+14.761
2021-11-29 04:17:34,-365,15990,41,-0.022822728254270258,133,+1.8287,+14.804
2021-11-29 05:17:34,-361,15991,45,-0.022571275308675257,135,+1.8288,+14.686
2021-11-29 06:17:35,-352,15990,46,-0.022010112588180097,139,+1.8294,+14.620
2021-11-29 07:17:35,-362,15991,46,-0.02263377426911858,133,+1.8288,+14.678
2021-11-29 08:19:16,-364,15990,31,-0.022760253888625105,135,+1.8287,+14.630
2021-11-29 09:17:35,-369,15989,35,-0.023074215158681154,122,+1.8293,+14.571
2021-11-29 10:17:36,-360,15990,45,-0.022510179337379824,138,+1.8271,+14.531
2021-11-29 11:17:34,-360,15991,53,-0.022508737652565818,128,+1.8280,+14.589
2021-11-29 12:19:16,-359,15991,47,-0.022446260734346805,130,+1.8293,+14.675
2021-11-29 13:17:35,-352,15994,50,-0.022004593307921563,133,+1.8285,+14.651
2021-11-29 14:17:36,-363,15987,43,-0.022701965606848756,135,+1.8298,+14.730
2021-11-29 15:17:37,-368,15980,39,-0.023024647817435212,135,+1.8287,+14.764
2021-11-29 16:17:36,-369,15982,50,-0.023084260265856887,135,+1.8287,+14.752
2021-11-29 17:19:18,-378,15985,41,-0.023642685216448755,138,+1.8285,+14.757
2021-11-29 18:17:36,-369,15977,33,-0.023091545641096275,143,+1.8294,+14.783
2021-11-29 19:17:37,-374,15981,48,-0.023398414216601632,135,+1.8276,+14.807
2021-11-29 20:17:35,-370,15983,27,-0.02314542944293558,135,+1.8269,+14.796
2021-11-29 21:17:35,-369,15984,40,-0.02308141353824854,135,+1.8296,+14.790
2021-11-29 22:19:17,-366,15982,48,-0.02289665799052418,130,+1.8292,+14.812
2021-11-29 23:19:17,-373,15984,47,-0.02333150046133654,135,+1.8294,+14.817
2021-11-30 00:17:35,-373,15983,38,-0.02333299461277357,136,+1.8294,+14.794
2021-11-30 01:19:17,-378,15986,30,-0.02364124292693262,135,+1.8299,+14.798
2021-11-30 02:17:35,-375,15982,38,-0.02345952596697011,133,+1.8281,+14.848
2021-11-30 03:19:17,-371,15977,41,-0.02321663130992614,131,+1.8285,+14.756
2021-11-30 04:20:58,-370,15979,34,-0.023151201966979066,133,+1.8289,+14.725
2021-11-30 05:19:18,-377,15983,38,-0.023583122120865625,136,+1.8311,+14.744
2021-11-30 06:17:37,-384,15973,40,-0.024035863320611174,135,+1.8293,+14.749
2021-11-30 07:17:37,-388,15963,36,-0.024301361392609983,136,+1.8278,+14.754
2021-11-30 08:17:36,-389,15969,31,-0.024354834449088928,135,+1.8308,+14.799
2021-11-30 09:19:17,-393,15968,28,-0.02460671802735445,135,+1.8286,+14.841
2021-11-30 10:20:59,-394,15965,34,-0.024673920915198648,136,+1.8280,+14.736
2021-11-30 11:20:59,-395,15958,23,-0.024747396254674245,133,+1.8290,+14.830
2021-11-30 12:19:18,-396,15958,33,-0.024809994949060585,135,+1.8300,+14.940
2021-11-30 13:19:19,-392,15953,41,-0.024567155973795277,133,+1.8282,+14.913
2021-11-30 14:19:17,-397,15959,33,-0.024871062764497943,141,+1.8282,+14.927
2021-11-30 15:22:40,-398,15952,28,-0.024944636018543853,135,+1.8290,+15.016
2021-11-30 16:19:17,-410,15952,32,-0.025696397292408604,138,+1.8289,+15.092
2021-11-30 17:21:00,-397,15950,44,-0.024885049333083546,136,+1.8311,+15.050
2021-11-30 18:20:59,-406,15956,36,-0.02543941966743187,139,+1.8287,+15.134
2021-11-30 19:17:36,-406,15958,41,-0.02543621354278982,141,+1.8297,+15.175
2021-11-30 20:17:36,-406,15959,41,-0.025434620393051468,136,+1.8297,+15.254
2021-11-30 21:19:17,-407,15959,48,-0.025497208955836473,139,+1.8302,+15.265
2021-11-30 22:19:18,-406,15954,39,-0.0254425961308345,138,+1.8291,+15.294
2021-11-30 23:21:00,-419,15956,33,-0.02625362459439476,139,+1.8297,+15.359
2021-12-01 00:19:17,-415,15960,44,-0.025996549532764947,146,+1.8280,+15.315
2021-12-01 01:17:38,-416,15952,37,-0.026072255301536777,138,+1.8288,+15.352
2021-12-01 02:17:38,-414,15959,37,-0.02593558851277698,141,+1.8294,+15.338
2021-12-01 03:19:17,-414,15954,42,-0.025943692941373137,141,+1.8300,+15.416
2021-12-01 04:17:37,-416,15952,44,-0.026072226267896594,143,+1.8306,+15.380
2021-12-01 05:19:17,-412,15961,48,-0.025807071525281,144,+1.8298,+15.435
2021-12-01 06:17:37,-410,15954,44,-0.025693131402308358,138,+1.8307,+15.483
2021-12-01 07:17:36,-410,15960,40,-0.025683493583476665,144,+1.8286,+15.445
2021-12-01 08:20:59,-407,15960,50,-0.025495602288358822,138,+1.8293,+15.409
2021-12-01 09:22:40,-414,15962,45,-0.025930682857268555,141,+1.8287,+15.348
2021-12-01 10:17:36,-411,15961,50,-0.02574445081000885,141,+1.8287,+15.315
2021-12-01 11:17:37,-414,15961,50,-0.025932282578888563,141,+1.8298,+15.309
2021-12-01 12:19:19,-414,15961,49,-0.025932287615365996,141,+1.8300,+15.272
2021-12-01 13:17:38,-408,15971,55,-0.0255405961793946,138,+1.8301,+15.175
2021-12-01 14:17:37,-411,15967,40,-0.02573482645818936,138,+1.8288,+15.191
2021-12-01 15:17:36,-409,15966,57,-0.025611171540471926,135,+1.8293,+15.102
2021-12-01 16:19:18,-409,15977,56,-0.025593552101021436,135,+1.8283,+15.149
2021-12-01 17:21:00,-411,15962,57,-0.025742800858287333,139,+1.8275,+15.234
2021-12-01 18:19:18,-414,15974,54,-0.025911166848564267,143,+1.8289,+15.144
2021-12-01 19:19:18,-414,15979,54,-0.025903062686735298,139,+1.8294,+15.137
2021-12-01 20:20:59,-401,15967,59,-0.025108848796079858,138,+1.8285,+15.154
2021-12-01 21:17:38,-409,15968,58,-0.02560795939928938,139,+1.8293,+15.095
2021-12-01 22:19:18,-410,15967,58,-0.02567215007530679,138,+1.8294,+15.116
2021-12-01 23:17:38,-399,15979,65,-0.024964879184093094,139,+1.8286,+15.074
2021-12-02 00:17:37,-407,15971,60,-0.025477995094615617,141,+1.8286,+15.061
2021-12-02 01:17:37,-406,15978,54,-0.0254043269926199,138,+1.8286,+15.090
2021-12-02 02:19:20,-393,15972,57,-0.024600439264091174,139,+1.8283,+14.998
2021-12-02 03:17:37,-394,15983,52,-0.024646069969487084,139,+1.8292,+15.008
2021-12-02 04:19:20,-400,15979,57,-0.025027469525405976,136,+1.8276,+14.997
2021-12-02 05:21:01,-404,15979,49,-0.025277680109350595,138,+1.8294,+14.989
2021-12-02 06:19:18,-386,15982,56,-0.024147328450378355,139,+1.8293,+14.908
2021-12-02 07:17:37,-393,15987,52,-0.024577393383215,138,+1.8284,+14.911
2021-12-02 08:19:20,-393,15987,55,-0.024577377955663667,138,+1.8288,+14.841
2021-12-02 09:17:37,-392,15988,51,-0.02451335280863441,141,+1.8286,+14.833
2021-12-02 10:19:20,-384,15986,52,-0.024016272863736407,141,+1.8286,+14.874
2021-12-02 11:17:38,-387,15986,59,-0.02420379022935545,136,+1.8294,+14.809
2021-12-02 12:21:00,-389,15977,58,-0.0243425298342377,133,+1.8285,+14.786
2021-12-02 13:21:01,-398,15979,53,-0.02490240548308078,136,+1.8290,+14.848
2021-12-02 14:17:37,-390,15974,46,-0.02440972340732625,136,+1.8290,+14.853
2021-12-02 15:17:38,-394,15974,52,-0.02465995017428582,135,+1.8275,+14.877
2021-12-02 16:21:02,-392,15989,53,-0.024511810332159933,138,+1.8288,+14.890
2021-12-02 17:19:19,-387,15985,56,-0.024205320108060584,139,+1.8305,+14.929
2021-12-02 18:17:38,-385,15984,54,-0.02408179277881603,136,+1.8291,+14.885
2021-12-02 19:19:21,-389,15982,48,-0.02433496780706768,139,+1.8278,+14.964
2021-12-02 20:19:20,-390,15983,59,-0.024395918750363812,138,+1.8275,+14.885
2021-12-02 21:17:38,-384,15977,58,-0.024029765062741022,138,+1.8284,+14.909
2021-12-02 22:17:38,-380,15982,57,-0.023772118628484138,139,+1.8296,+14.929
2021-12-02 23:21:01,-384,15975,65,-0.024032731761376498,133,+1.8271,+14.940
2021-12-03 00:19:20,-383,15982,51,-0.023959752093624383,138,+1.8278,+14.922
2021-12-03 01:17:40,-382,15977,46,-0.02390471624676308,141,+1.8288,+14.856
2021-12-03 02:17:38,-383,15972,60,-0.023974700367507564,139,+1.8287,+14.948
2021-12-03 03:22:42,-385,15980,53,-0.02408782340661541,136,+1.8293,+14.890
2021-12-03 04:19:20,-385,15981,54,-0.024086311683615635,138,+1.8286,+14.875
2021-12-03 05:19:19,-380,15982,65,-0.02377207322856698,135,+1.8294,+14.956
2021-12-03 06:21:02,-386,15978,61,-0.02415334350780189,138,+1.8286,+14.892
2021-12-03 07:17:38,-386,15980,62,-0.024150315966627926,131,+1.8304,+14.867
2021-12-03 08:19:20,-384,15986,60,-0.024016230778355623,139,+1.8290,+14.820
2021-12-03 09:17:38,-380,15981,60,-0.023773589242696444,133,+1.8280,+14.790
2021-12-03 10:19:19,-380,15983,51,-0.02377066200696707,131,+1.8267,+14.798
2021-12-03 11:17:39,-375,15985,49,-0.023455080911094956,144,+1.8283,+14.801
2021-12-03 12:21:02,-385,15979,48,-0.024089354087488562,136,+1.8297,+14.824
2021-12-03 13:17:39,-389,15985,50,-0.024330393234765237,136,+1.8297,+14.710
2021-12-03 14:19:21,-383,15977,51,-0.023967247347780277,136,+1.8270,+14.699
2021-12-03 15:22:44,-383,15980,58,-0.023962713847362153,133,+1.8308,+14.623
2021-12-03 16:19:20,-393,15984,55,-0.02458198891441876,133,+1.8279,+14.680
2021-12-03 17:17:39,-379,15981,49,-0.023711106279993167,135,+1.8276,+14.607
2021-12-03 18:17:39,-386,15985,49,-0.024142833103586912,138,+1.8294,+14.655
2021-12-03 19:21:01,-383,15983,50,-0.023958258339543567,135,+1.8276,+14.623
2021-12-03 20:17:39,-388,15979,45,-0.024277003138520315,133,+1.8292,+14.672
2021-12-03 21:19:21,-386,15985,57,-0.02414279305798064,135,+1.8284,+14.678
2021-12-03 22:19:21,-390,15973,53,-0.02441121783487531,138,+1.8281,+14.631
2021-12-03 23:19:20,-389,15977,44,-0.0243425978951825,135,+1.8300,+14.699
2021-12-04 00:17:39,-387,15978,51,-0.024215945605472654,138,+1.8293,+14.675
2021-12-04 01:17:41,-391,15979,49,-0.024464619317513946,136,+1.8295,+14.706
2021-12-04 02:17:40,-388,15980,51,-0.024275457168342385,133,+1.8268,+14.663
2021-12-04 03:22:42,-386,15967,49,-0.024170039076774043,133,+1.8286,+14.665
2021-12-04 04:17:39,-390,15972,49,-0.02441276510088805,135,+1.8284,+14.731
2021-12-04 05:24:24,-396,15974,46,-0.024785105002565883,138,+1.8284,+14.728
2021-12-04 06:19:21,-397,15976,47,-0.024844554082251512,131,+1.8286,+14.706
2021-12-04 07:24:24,-392,15977,45,-0.02453025072526933,130,+1.8293,+14.680
2021-12-04 08:17:41,-385,15974,40,-0.02409692450539765,138,+1.8298,+14.739
2021-12-04 09:17:40,-391,15977,51,-0.024467670965098394,133,+1.8276,+14.628
2021-12-04 10:17:40,-398,15973,46,-0.024911789516738073,135,+1.8280,+14.773
2021-12-04 11:17:41,-399,15970,44,-0.024979054271120748,131,+1.8285,+14.793
2021-12-04 12:19:20,-396,15972,52,-0.024788178719487675,131,+1.8288,+14.681
2021-12-04 13:19:20,-393,15969,45,-0.02460511790264636,141,+1.8284,+14.710
2021-12-04 14:17:40,-393,15971,39,-0.02460206224156076,131,+1.8286,+14.720
2021-12-04 15:17:39,-392,15975,48,-0.024533307143630875,131,+1.8277,+14.691
2021-12-04 16:19:22,-396,15976,50,-0.02478198487169137,133,+1.8290,+14.649
2021-12-04 17:17:39,-392,15977,49,-0.024530232666372883,127,+1.8298,+14.610
2021-12-04 18:19:22,-394,15977,46,-0.02465535008783273,138,+1.8292,+14.628
2021-12-04 19:17:39,-401,15973,47,-0.025099483692301965,133,+1.8285,+14.625
2021-12-04 20:19:21,-403,15973,41,-0.02522464127600371,135,+1.8271,+14.600
2021-12-04 21:19:21,-397,15980,50,-0.02483832363517913,135,+1.8281,+14.617
2021-12-04 22:17:40,-398,15975,53,-0.02490863818011874,136,+1.8283,+14.641
2021-12-04 23:17:40,-397,15969,53,-0.024855410868702587,136,+1.8287,+14.599
2021-12-05 00:19:23,-401,15977,57,-0.025093151385108953,130,+1.8273,+14.576
2021-12-05 01:19:23,-404,15969,57,-0.025293460394564503,138,+1.8282,+14.552
2021-12-05 02:19:21,-400,15976,54,-0.025032183525504244,128,+1.8298,+14.583
2021-12-05 03:26:08,-411,15965,40,-0.02573804892006225,135,+1.8276,+14.597
2021-12-05 04:19:21,-394,15976,49,-0.024656878963338118,136,+1.8291,+14.583
2021-12-05 05:17:41,-402,15975,43,-0.025158918453627565,131,+1.8273,+14.547
2021-12-05 06:26:07,-402,15978,51,-0.025154159656879678,135,+1.8287,+14.583
2021-12-05 07:17:40,-400,15970,45,-0.025041627913674466,135,+1.8297,+14.503
2021-12-05 08:17:40,-403,15976,61,-0.025219805846602224,130,+1.8284,+14.526
2021-12-05 09:17:40,-407,15969,44,-0.02548126769938687,131,+1.8277,+14.487
2021-12-05 10:17:42,-404,15969,51,-0.02529349251695569,135,+1.8261,+14.477
2021-12-05 11:19:21,-400,15965,48,-0.025049453532093383,136,+1.8291,+14.534
2021-12-05 12:17:41,-404,15967,49,-0.025296669272387037,131,+1.8266,+14.494
2021-12-05 13:19:21,-410,15974,43,-0.025660981459396843,138,+1.8284,+14.494
2021-12-05 14:17:41,-401,15968,45,-0.025107348684831915,133,+1.8279,+14.510
2021-12-05 15:17:40,-398,15965,48,-0.024924258258839614,133,+1.8273,+14.568
2021-12-05 16:22:45,-405,15971,41,-0.025352945203571474,130,+1.8284,+14.553
2021-12-05 17:19:22,-407,15974,45,-0.025473290912903165,138,+1.8276,+14.625
2021-12-05 18:22:45,-400,15975,52,-0.025033760206441064,133,+1.8284,+14.541
2021-12-05 19:17:41,-397,15971,37,-0.024852369738428835,130,+1.8264,+14.557
2021-12-05 20:21:03,-406,15974,50,-0.025410706305642804,136,+1.8282,+14.591
2021-12-05 21:19:22,-400,15969,46,-0.02504319091926482,138,+1.8287,+14.617
2021-12-05 22:19:23,-407,15977,46,-0.02546850536367381,139,+1.8288,+14.521
2021-12-05 23:19:23,-409,15974,51,-0.025598383367850957,135,+1.8287,+14.566
2021-12-06 00:17:42,-407,15967,52,-0.02548441966705698,136,+1.8294,+14.617
2021-12-06 01:19:23,-398,15968,49,-0.024919572837879236,135,+1.8286,+14.513
2021-12-06 02:19:22,-403,15970,51,-0.025229332254605247,133,+1.8272,+14.487
2021-12-06 03:21:05,-414,15968,59,-0.02592086983183881,128,+1.8274,+14.466
2021-12-06 04:19:24,-406,15966,48,-0.02542344287566232,135,+1.8262,+14.544
2021-12-06 05:17:41,-406,15972,52,-0.025413876654408564,128,+1.8279,+14.487
2021-12-06 06:21:04,-406,15973,39,-0.02541234519315835,131,+1.8275,+14.523
2021-12-06 07:17:41,-406,15972,55,-0.02541386067225404,133,+1.8280,+14.545
2021-12-06 08:17:41,-404,15973,56,-0.025287134718913275,128,+1.8294,+14.460
2021-12-06 09:26:08,-402,15982,50,-0.025147871722618915,127,+1.8285,+14.424
2021-12-06 10:19:24,-406,15977,49,-0.02540594196363195,133,+1.8291,+14.560
2021-12-06 11:21:03,-401,15970,45,-0.02510420571660534,131,+1.8285,+14.581
2021-12-06 12:19:23,-403,15970,52,-0.025229327162301675,131,+1.8289,+14.589
2021-12-06 13:17:41,-404,15976,44,-0.025282447748113328,133,+1.8288,+14.484
2021-12-06 14:19:22,-413,15974,58,-0.02584858471671846,135,+1.8284,+14.678
2021-12-06 15:19:22,-406,15973,43,-0.02541232886543578,131,+1.8297,+14.696
2021-12-06 16:17:41,-411,15968,48,-0.025733180020608454,138,+1.8281,+14.639
2021-12-06 17:19:23,-407,15976,49,-0.025470084619923217,136,+1.8288,+14.524
2021-12-06 18:19:23,-405,15973,46,-0.025349750508430118,136,+1.8292,+14.636
2021-12-06 19:21:05,-409,15975,46,-0.025596805993380847,128,+1.8271,+14.557
2021-12-06 20:17:41,-404,15978,44,-0.025279284462875834,130,+1.8289,+14.587
2021-12-06 21:17:43,-404,15972,47,-0.02528876316817374,133,+1.8292,+14.600
2021-12-06 22:19:25,-406,15980,43,-0.025401201926130084,130,+1.8289,+14.565
2021-12-06 23:17:42,-407,15977,56,-0.02546845450202376,130,+1.8284,+14.511
2021-12-07 00:21:04,-403,15968,57,-0.025232458818882683,128,+1.8259,+14.508
2021-12-07 01:22:46,-406,15972,53,-0.02541387142659769,127,+1.8274,+14.447
2021-12-07 02:17:42,-403,15985,47,-0.02520568715841034,130,+1.8281,+14.471
2021-12-07 03:17:42,-407,15977,48,-0.025468495989150696,128,+1.8284,+14.508
2021-12-07 04:19:24,-404,15977,55,-0.025280812103976008,133,+1.8283,+14.453
2021-12-07 05:19:23,-408,15976,57,-0.02553259512267356,131,+1.8277,+14.499
2021-12-07 06:19:23,-407,15972,42,-0.025476492277948157,136,+1.8277,+14.508
2021-12-07 07:17:42,-407,15977,48,-0.025468495989150696,133,+1.8275,+14.510
2021-12-07 08:19:24,-398,15973,43,-0.024911802546313096,135,+1.8289,+14.604
2021-12-07 09:17:43,-402,15972,49,-0.025163614778917043,135,+1.8293,+14.511
2021-12-07 10:17:42,-410,15970,50,-0.025667373143413177,127,+1.8279,+14.502
2021-12-07 11:19:24,-409,15970,51,-0.025604792118516028,133,+1.8284,+14.511
2021-12-07 12:17:43,-406,15973,46,-0.025412315574294613,135,+1.8305,+14.578
2021-12-07 13:17:43,-410,15971,44,-0.025665795103652203,136,+1.8284,+14.557
2021-12-07 14:17:42,-413,15973,43,-0.02585027895626013,133,+1.8296,+14.583
2021-12-07 15:21:05,-411,15969,43,-0.025731592245950206,131,+1.8287,+14.631
2021-12-07 16:22:47,-404,15977,38,-0.025280890359361444,135,+1.8300,+14.699
2021-12-07 17:17:44,-404,15958,40,-0.02531096966324988,135,+1.8301,+14.630
2021-12-07 18:19:25,-406,15970,38,-0.025417120709896514,139,+1.8301,+14.647
2021-12-07 19:19:24,-411,15971,46,-0.025728357942101147,130,+1.8297,+14.642
2021-12-07 20:19:24,-407,15972,44,-0.025476483693184927,138,+1.8283,+14.605
2021-12-07 21:19:24,-408,15975,48,-0.025534239947391506,139,+1.8284,+14.707
2021-12-07 22:17:43,-404,15975,44,-0.02528402968756096,128,+1.8295,+14.697
2021-12-07 23:21:05,-411,15965,53,-0.02573798790486834,139,+1.8286,+14.655
2021-12-08 00:17:42,-411,15972,44,-0.025726756897039165,133,+1.8286,+14.704
2021-12-08 01:22:46,-415,15975,49,-0.02597212714210809,133,+1.8300,+14.712
2021-12-08 02:17:44,-406,15972,51,-0.02541388178264522,130,+1.8284,+14.676
2021-12-08 03:19:24,-407,15969,50,-0.025481239533549107,136,+1.8284,+14.696
2021-12-08 04:17:43,-410,15973,53,-0.025662539006406946,138,+1.8290,+14.652
2021-12-08 05:21:06,-410,15974,49,-0.02566095371594689,136,+1.8293,+14.751
2021-12-08 06:22:46,-415,15966,50,-0.02598675580437102,136,+1.8288,+14.688
2021-12-08 07:19:25,-401,15973,46,-0.02509948826485448,133,+1.8288,+14.699
2021-12-08 08:19:25,-402,15978,43,-0.025154196687940104,138,+1.8293,+14.678
2021-12-08 09:17:43,-410,15974,49,-0.02566095371594689,136,+1.8283,+14.644
2021-12-08 10:17:43,-405,15976,44,-0.02534500130104978,136,+1.8277,+14.657
2021-12-08 11:17:43,-414,15972,45,-0.025914455167777725,131,+1.8302,+14.735
2021-12-08 12:17:44,-404,15978,47,-0.025279270952609338,136,+1.8282,+14.702
2021-12-08 13:17:43,-415,15972,47,-0.025977012984077362,139,+1.8291,+14.697
2021-12-08 14:17:43,-411,15972,47,-0.02572674313750281,136,+1.8289,+14.733
2021-12-08 15:19:25,-411,15969,49,-0.025731564408802837,136,+1.8286,+14.702
2021-12-08 16:17:45,-408,15982,37,-0.025523107787837764,133,+1.8307,+14.761
2021-12-08 17:19:24,-409,15977,49,-0.02559358893116173,136,+1.8286,+14.704
2021-12-08 18:17:44,-410,15973,55,-0.025662528148286713,136,+1.8295,+14.706
2021-12-08 19:17:45,-408,15977,50,-0.025531035192948755,128,+1.8285,+14.633
2021-12-08 20:17:45,-405,15980,51,-0.025338626905523486,133,+1.8274,+14.625
2021-12-08 21:22:48,-406,15977,56,-0.02540590540328943,135,+1.8289,+14.583
2021-12-08 22:17:45,-408,15978,51,-0.025529432968297606,135,+1.8292,+14.634
2021-12-08 23:19:25,-415,15972,44,-0.025977026877346664,138,+1.8285,+14.638
2021-12-09 00:19:26,-407,15972,59,-0.025476406580439176,135,+1.8290,+14.625
2021-12-09 01:22:47,-411,15972,44,-0.025726756897039165,128,+1.8290,+14.617
2021-12-09 02:21:06,-412,15978,39,-0.025779665691018777,131,+1.8287,+14.615
2021-12-09 03:19:26,-409,15972,59,-0.025601543204917015,135,+1.8301,+14.623
2021-12-09 04:19:26,-406,15983,60,-0.025396349219310232,133,+1.8284,+14.513
2021-12-09 05:17:44,-407,15984,44,-0.025457365614512062,131,+1.8285,+14.610
2021-12-09 06:21:06,-406,15982,56,-0.025397960631741646,136,+1.8270,+14.507
2021-12-09 07:19:25,-408,15972,43,-0.025539056647591884,136,+1.8277,+14.520
2021-12-09 08:19:25,-407,15975,55,-0.02547164715988037,131,+1.8288,+14.490
2021-12-09 09:17:45,-405,15973,57,-0.02534969424716392,131,+1.8276,+14.463
2021-12-09 10:24:30,-415,15965,42,-0.025988420293630472,131,+1.8276,+14.447
2021-12-09 11:19:26,-413,15971,41,-0.02585352315298222,131,+1.8277,+14.516
2021-12-09 12:17:46,-410,15975,60,-0.025659287866603545,133,+1.8275,+14.542
2021-12-09 13:19:25,-423,15972,41,-0.02647757026923621,133,+1.8284,+14.545
2021-12-09 14:19:27,-414,15972,54,-0.025914409933032383,135,+1.8284,+14.562
2021-12-09 15:19:25,-413,15971,50,-0.02585348166598776,130,+1.8291,+14.578
2021-12-09 16:17:44,-413,15971,58,-0.02585343789970459,136,+1.8269,+14.549
2021-12-09 17:19:27,-410,15971,55,-0.02566574033992962,135,+1.8284,+14.557
2021-12-09 18:21:07,-417,15971,56,-0.02610373286689497,131,+1.8281,+14.684
2021-12-09 19:17:44,-417,15969,49,-0.026107038248367558,136,+1.8277,+14.657
2021-12-09 20:19:27,-408,15970,47,-0.025542235593684685,131,+1.8290,+14.638
2021-12-09 21:19:27,-414,15965,48,-0.025925798234255518,136,+1.8294,+14.621
2021-12-09 22:17:44,-419,15961,52,-0.026245320949991244,136,+1.8290,+14.670
2021-12-09 23:21:08,-418,15972,48,-0.026164708365186574,131,+1.8270,+14.667
2021-12-10 00:21:07,-417,15966,52,-0.02611192595509108,135,+1.8305,+14.617
2021-12-10 01:17:44,-407,15971,57,-0.025478012616649327,135,+1.8298,+14.602
2021-12-10 02:17:46,-414,15972,54,-0.025914409933032383,139,+1.8280,+14.600
2021-12-10 03:21:07,-410,15970,54,-0.025667352219670234,130,+1.8287,+14.600
2021-12-10 04:19:26,-414,15981,45,-0.02589986759934029,135,+1.8282,+14.552
2021-12-10 05:17:45,-416,15982,55,-0.026023252820433555,135,+1.8291,+14.563
2021-12-10 06:22:48,-409,15961,47,-0.02561924324614283,135,+1.8302,+14.505
2021-12-10 07:19:26,-416,15971,44,-0.026041223545490152,131,+1.8286,+14.516
2021-12-10 08:17:45,-416,15970,43,-0.026042857869705886,130,+1.8282,+14.589
2021-12-10 09:19:27,-409,15967,40,-0.025609651040919043,133,+1.8273,+14.539
2021-12-10 10:22:49,-412,15975,63,-0.025784381156772427,130,+1.8284,+14.502
2021-12-10 11:17:45,-409,15978,50,-0.025591982883891806,130,+1.8281,+14.505
2021-12-10 12:24:31,-414,15965,43,-0.025925821364366868,133,+1.8290,+14.447
2021-12-10 13:17:47,-415,15973,57,-0.02597533450530554,131,+1.8274,+14.473
2021-12-10 14:22:49,-409,15977,50,-0.025593583970358057,133,+1.8289,+14.410
2021-12-10 15:17:45,-412,15976,59,-0.025782792589114912,125,+1.8278,+14.427
2021-12-10 16:24:31,-416,15976,52,-0.02603303803323312,130,+1.8288,+14.500
2021-12-10 17:17:45,-419,15982,60,-0.026210805387077395,133,+1.8272,+14.466
2021-12-10 18:19:26,-415,15963,60,-0.025991581293377593,133,+1.8277,+14.368
2021-12-10 19:19:27,-416,15972,53,-0.02603954933031884,133,+1.8271,+14.361
2021-12-10 20:22:50,-409,15981,48,-0.025587190639953086,128,+1.8266,+14.385
2021-12-10 21:21:09,-410,15972,55,-0.025664134143619205,131,+1.8286,+14.358
2021-12-10 22:17:46,-412,15979,56,-0.025777971580137973,136,+1.8275,+14.382
2021-12-10 23:19:26,-415,15977,59,-0.025968822534247874,128,+1.8275,+14.366
2021-12-11 00:19:27,-408,15975,59,-0.025534181091023674,135,+1.8280,+14.397
2021-12-11 01:21:08,-423,15975,45,-0.026472582477742364,128,+1.8286,+14.361
2021-12-11 02:17:45,-413,15972,50,-0.02585186372767832,128,+1.8275,+14.359
2021-12-11 03:17:45,-421,15969,47,-0.02635735997527893,133,+1.8271,+14.374
2021-12-11 04:17:47,-418,15969,51,-0.026169606251216712,131,+1.8264,+14.379
2021-12-11 05:19:27,-415,15968,50,-0.025983502446974893,135,+1.8284,+14.385
2021-12-11 06:17:47,-410,15973,52,-0.02566254428466482,131,+1.8286,+14.356
2021-12-11 07:17:47,-417,15976,51,-0.026095594342314003,131,+1.8280,+14.371
2021-12-11 08:17:46,-417,15969,51,-0.02610702801542669,131,+1.8279,+14.334
2021-12-11 09:22:49,-428,15975,46,-0.026785343617777752,136,+1.8281,+14.337
2021-12-11 10:17:46,-421,15971,44,-0.02635407497609336,133,+1.8293,+14.353
2021-12-11 11:21:08,-419,15958,48,-0.02625027318731325,130,+1.8276,+14.398
2021-12-11 12:19:27,-415,15972,60,-0.02597694219490852,112,+1.8273,+13.679
2021-12-11 13:17:47,-429,15972,54,-0.026852894418034276,125,+1.8284,+13.939
2021-12-11 14:17:47,-432,15972,55,-0.0270405799165491,125,+1.8292,+14.135
2021-12-11 15:19:28,-429,15974,47,-0.02684957117493879,124,+1.8268,+14.220
2021-12-11 16:17:46,-424,15959,44,-0.02656173130640396,125,+1.8278,+14.287
2021-12-11 17:19:29,-418,15976,55,-0.026158123479520432,122,+1.8283,+14.296
2021-12-11 18:17:46,-413,15963,55,-0.025866405830966676,124,+1.8277,+14.368
2021-12-11 19:17:47,-425,15972,57,-0.02660261909210446,122,+1.8277,+14.314
2021-12-11 20:17:47,-417,15978,59,-0.026092284468580224,128,+1.8271,+14.390
2021-12-11 21:17:48,-420,15964,55,-0.026302971999041205,130,+1.8281,+14.316
2021-12-11 22:19:29,-416,15966,47,-0.026049361065197233,127,+1.8278,+14.376
2021-12-11 23:19:29,-429,15964,50,-0.02686636643288424,125,+1.8280,+14.389
2021-12-12 00:19:30,-428,15971,56,-0.02679199530521411,125,+1.8289,+14.401
2021-12-12 01:22:50,-423,15967,47,-0.026485830266254336,127,+1.8281,+14.447
2021-12-12 02:21:10,-439,15970,45,-0.027482012036176864,127,+1.8269,+14.429
2021-12-12 03:21:10,-432,15967,49,-0.027049076418850255,127,+1.8271,+14.369
2021-12-12 04:19:29,-435,15963,48,-0.02724365139327698,127,+1.8263,+14.466
2021-12-12 05:21:09,-429,15964,53,-0.026866350153412013,128,+1.8265,+14.422
2021-12-12 06:17:47,-428,15963,48,-0.026805459498069183,128,+1.8280,+14.389
2021-12-12 07:24:33,-433,15954,52,-0.02713372392843674,127,+1.8274,+14.469
2021-12-12 08:19:30,-436,15958,51,-0.027314784794876226,130,+1.8265,+14.474
2021-12-12 09:17:47,-432,15961,46,-0.027059254678362482,125,+1.8290,+14.453
2021-12-12 10:17:47,-429,15962,52,-0.026869720319028782,130,+1.8265,+14.422
2021-12-12 11:19:28,-429,15964,49,-0.02686637164864374,130,+1.8278,+14.434
2021-12-12 12:17:47,-435,15953,54,-0.027260687468353518,130,+1.8281,+14.505
2021-12-12 13:17:47,-441,15963,40,-0.027619274256774837,130,+1.8273,+14.539
2021-12-12 14:17:47,-439,15943,50,-0.027528504167070644,133,+1.8277,+14.471
2021-12-12 15:19:28,-434,15952,56,-0.027199742538428245,130,+1.8279,+14.528
2021-12-12 16:19:28,-447,15958,54,-0.028003546169179824,131,+1.8269,+14.576
2021-12-12 17:19:28,-436,15950,44,-0.027328513741693376,133,+1.8260,+14.578
2021-12-12 18:17:48,-435,15952,54,-0.027262395521903102,128,+1.8268,+14.660
2021-12-12 19:19:28,-439,15953,51,-0.027511251584124312,133,+1.8275,+14.678
2021-12-12 20:19:28,-439,15952,55,-0.027512952413772742,135,+1.8270,+14.660
2021-12-12 21:19:29,-443,15949,55,-0.027768731244643373,131,+1.8283,+14.670
2021-12-12 22:19:29,-437,15949,48,-0.027392859253291182,130,+1.8297,+14.668
2021-12-12 23:17:49,-446,15956,57,-0.027944413171388814,128,+1.8271,+14.757
2021-12-13 00:17:48,-442,15950,70,-0.027704241799665786,131,+1.8286,+14.691
2021-12-13 01:17:48,-438,15950,61,-0.02745371479497398,133,+1.8266,+14.733
2021-12-13 02:19:29,-445,15959,50,-0.027876592524068922,131,+1.8269,+14.796
2021-12-13 03:19:29,-440,15944,50,-0.02758945007146065,131,+1.8284,+14.749
2021-12-13 04:19:29,-442,15953,57,-0.02769912451368753,136,+1.8267,+14.806
2021-12-13 05:19:31,-443,15951,57,-0.027765239105379112,135,+1.8285,+14.825
2021-12-13 06:19:29,-433,15956,66,-0.027130236588296934,131,+1.8283,+14.803
2021-12-13 07:17:49,-436,15953,66,-0.02732324730458267,136,+1.8291,+14.772
2021-12-13 08:17:49,-437,15953,66,-0.02738588401006275,130,+1.8283,+14.791
2021-12-13 09:19:29,-442,15956,68,-0.027693844590605823,133,+1.8269,+14.765
2021-12-13 10:17:48,-440,15956,70,-0.02756858176918308,133,+1.8267,+14.754
2021-12-13 11:19:29,-445,15953,73,-0.027886916594626863,133,+1.8285,+14.819
2021-12-13 12:19:30,-440,15960,70,-0.0275616759821026,133,+1.8282,+14.885
2021-12-13 13:19:30,-447,15955,69,-0.02800870738429778,131,+1.8290,+14.864
2021-12-13 14:19:31,-441,15951,62,-0.027639919814933498,135,+1.8275,+14.921
2021-12-13 15:21:10,-443,15964,71,-0.027742543382414095,133,+1.8273,+14.898
2021-12-13 16:17:48,-444,15962,73,-0.027808601740658263,133,+1.8273,+14.874
2021-12-13 17:22:53,-443,15962,64,-0.027746069031400714,135,+1.8284,+14.901
2021-12-13 18:19:30,-443,15959,64,-0.02775128202366191,133,+1.8255,+14.864
2021-12-13 19:17:48,-446,15957,66,-0.027942602164362094,131,+1.8273,+14.875
2021-12-13 20:17:48,-445,15956,71,-0.02788169196736601,133,+1.8279,+14.877
2021-12-13 21:17:49,-446,15957,66,-0.027942602164362094,135,+1.8268,+14.837
2021-12-13 22:24:35,-443,15958,73,-0.027752952971601186,138,+1.8268,+14.882
2021-12-13 23:26:14,-446,15953,73,-0.027949551228430538,138,+1.8270,+14.880
2021-12-14 00:17:48,-439,15957,68,-0.027504249581558265,133,+1.8278,+14.943
2021-12-14 01:17:48,-431,15953,69,-0.02701003908960094,133,+1.8280,+14.900
2021-12-14 02:27:55,-442,15954,69,-0.027697307014128703,135,+1.8277,+14.896
2021-12-14 03:21:12,-432,15959,69,-0.027062503636892124,135,+1.8289,+14.935
2021-12-14 04:17:50,-436,15960,74,-0.027311209576541227,130,+1.8299,+14.869
2021-12-14 05:17:50,-443,15960,74,-0.027749469013022523,133,+1.8261,+14.833
2021-12-14 06:24:35,-439,15962,63,-0.027495673864653014,135,+1.8279,+14.862
2021-12-14 07:17:49,-445,15963,79,-0.0278694064397443,133,+1.8272,+14.864
2021-12-14 08:17:49,-448,15963,76,-0.028057217407781065,133,+1.8283,+14.812
2021-12-14 09:19:31,-453,15957,71,-0.02838089138566173,133,+1.8270,+14.828
2021-12-14 10:19:32,-438,15956,69,-0.02744334057348111,136,+1.8281,+14.820
2021-12-14 11:19:30,-436,15958,61,-0.027314724759535145,130,+1.8279,+14.882
2021-12-14 12:17:49,-434,15960,61,-0.02718608426619825,133,+1.8275,+14.913
2021-12-14 13:19:30,-434,15961,79,-0.027184247464491537,133,+1.8300,+14.953
2021-12-14 14:21:12,-439,15953,81,-0.027511037658826096,135,+1.8280,+14.934
2021-12-14 15:27:56,-435,15958,71,-0.027252036764267608,133,+1.8276,+14.980
2021-12-14 16:19:30,-443,15955,74,-0.027758160527487526,136,+1.8285,+15.005
2021-12-14 17:19:31,-444,15958,68,-0.02781560693039845,133,+1.8270,+15.005
2021-12-14 18:17:50,-438,15956,73,-0.027443309976376246,139,+1.8295,+15.039
2021-12-14 19:19:30,-436,15952,75,-0.027324891166117197,135,+1.8263,+15.035
2021-12-14 20:19:30,-435,15959,76,-0.02725029071516436,136,+1.8265,+14.995
2021-12-14 21:17:50,-437,15957,74,-0.027378962454060043,135,+1.8279,+15.003
2021-12-14 22:19:30,-444,15955,82,-0.02782071958196227,138,+1.8294,+14.987
2021-12-14 23:19:30,-433,15949,75,-0.027142070303552035,131,+1.8274,+15.014
2021-12-15 00:17:51,-441,15946,78,-0.027648460275195096,133,+1.8281,+15.031
2021-12-15 01:17:49,-446,15950,75,-0.027954789095140993,139,+1.8268,+15.035
2021-12-15 02:17:50,-450,15956,77,-0.02819475518379839,139,+1.8284,+15.042
2021-12-15 03:17:50,-442,15951,75,-0.027702466439897613,133,+1.8275,+15.095
2021-12-15 04:17:50,-434,15952,76,-0.027199601516876195,138,+1.8271,+15.066
2021-12-15 05:22:55,-435,15950,67,-0.02726572802033806,131,+1.8281,+15.013
2021-12-15 06:17:49,-441,15955,62,-0.02763299397782771,139,+1.8271,+15.074
2021-12-15 07:19:31,-440,15950,74,-0.027578915734490336,138,+1.8277,+15.086
2021-12-15 08:17:51,-439,15948,76,-0.027519700760707165,138,+1.8291,+15.082
2021-12-15 09:21:13,-434,15961,71,-0.027184311456432887,133,+1.8289,+15.084
2021-12-15 10:19:32,-434,15954,85,-0.02719611615057564,141,+1.8274,+15.023
2021-12-15 11:21:13,-442,15950,74,-0.027704210453383796,136,+1.8292,+15.137
2021-12-15 12:17:50,-435,15957,84,-0.027253635945996654,136,+1.8281,+15.187
2021-12-15 13:17:50,-440,15948,85,-0.027582277724570756,133,+1.8299,+15.186
2021-12-15 14:19:33,-441,15953,76,-0.027636351618344577,135,+1.8281,+15.166
2021-12-15 15:19:31,-437,15952,80,-0.027387489952547864,133,+1.8292,+15.197
2021-12-15 16:19:31,-433,15959,92,-0.02712492054601781,133,+1.8275,+15.215
2021-12-15 17:19:33,-438,15949,72,-0.02745535633576291,141,+1.8275,+15.259
2021-12-15 18:19:32,-436,15960,84,-0.027311124917194254,136,+1.8272,+15.213
2021-12-15 19:19:32,-438,15951,71,-0.02745192338352925,135,+1.8277,+15.218
2021-12-15 20:17:52,-437,15957,82,-0.02737889539289486,135,+1.8280,+15.285
2021-12-15 21:17:52,-435,15953,83,-0.02726047479386321,138,+1.8285,+15.299
2021-12-15 22:22:54,-440,15950,83,-0.027578839186007873,135,+1.8283,+15.356
2021-12-15 23:19:33,-431,15960,90,-0.026998021698679868,141,+1.8283,+15.378
2021-12-16 00:17:50,-443,15960,87,-0.027749355068578316,141,+1.8274,+15.346
2021-12-16 01:21:14,-426,15949,89,-0.026703373767483104,143,+1.8283,+15.310
2021-12-16 02:17:51,-422,15956,89,-0.02644115614520854,138,+1.8290,+15.349
2021-12-16 03:21:13,-427,15962,84,-0.026744285124021938,139,+1.8276,+15.344
2021-12-16 04:19:32,-427,15967,81,-0.02673594042658596,136,+1.8292,+15.325
2021-12-16 05:17:51,-419,15966,91,-0.026236818811960955,138,+1.8307,+15.309
2021-12-16 06:24:37,-423,15966,83,-0.02648724534034271,138,+1.8285,+15.315
2021-12-16 07:19:32,-420,15964,74,-0.02630284557604308,139,+1.8278,+15.320
2021-12-16 08:21:14,-424,15961,94,-0.026558045079331852,136,+1.8289,+15.306
2021-12-16 09:17:50,-416,15957,81,-0.02606382390329505,136,+1.8278,+15.276
2021-12-16 10:17:52,-421,15964,80,-0.02636539464206124,135,+1.8274,+15.189
2021-12-16 11:19:32,-422,15959,79,-0.026436275308988903,128,+1.8290,+15.225
