2021-11-08 13:19:00,-79,15417,-249,-0.005123500491677278,173,+1.8274,+16.580
2021-11-08 14:18:58,-54,15390,-260,-0.003508256924247902,168,+1.8276,+16.200
2021-11-08 15:18:59,-46,15394,-254,-0.0029877616421816943,160,+1.8278,+16.176
2021-11-08 16:17:16,-45,15394,-250,-0.002922823105274091,165,+1.8278,+16.197
2021-11-08 17:24:03,-47,15393,-248,-0.003052930244859553,171,+1.8289,+16.192
2021-11-08 18:22:20,-46,15394,-254,-0.0029877616421816943,166,+1.8271,+16.213
2021-11-08 19:20:41,-50,15384,-252,-0.003249682606554544,155,+1.8287,+16.219
2021-11-08 20:20:41,-49,15382,-257,-0.0031850862393923165,162,+1.8294,+16.205
2021-11-08 21:17:17,-40,15381,-256,-0.0026002451477320195,166,+1.8285,+16.239
2021-11-08 22:27:24,-48,15389,-259,-0.0031186592833401237,160,+1.8293,+16.166
2021-11-08 23:17:18,-43,15386,-256,-0.0027943544309988696,150,+1.8290,+16.260
2021-11-09 00:18:58,-44,15376,-264,-0.0028611729890983023,160,+1.8289,+16.205
2021-11-09 01:18:59,-48,15387,-269,-0.0031190297601710595,168,+1.8293,+16.187
2021-11-09 02:17:18,-48,15380,-262,-0.00312047341095707,157,+1.8309,+16.187
2021-11-09 03:20:41,-36,15378,-266,-0.0023406522206901046,158,+1.8295,+16.148
2021-11-09 04:18:58,-41,15386,-263,-0.0026643646488464443,168,+1.8293,+16.111
2021-11-09 05:19:00,-40,15382,-263,-0.0026000561948565848,157,+1.8290,+16.124
2021-11-09 06:20:41,-46,15381,-265,-0.0029902501210939477,163,+1.8293,+16.137
2021-11-09 07:24:04,-44,15387,-249,-0.0028591746306519256,163,+1.8274,+16.096
2021-11-09 08:19:00,-39,15389,-251,-0.002533935280883917,160,+1.8277,+16.126
2021-11-09 09:17:18,-39,15386,-260,-0.0025344046087251715,170,+1.8293,+16.121
2021-11-09 10:18:59,-47,15378,-254,-0.0030558878842638732,160,+1.8299,+16.111
2021-11-09 11:18:59,-42,15393,-255,-0.002728131874398602,163,+1.8278,+16.041
2021-11-09 12:17:18,-41,15386,-256,-0.0026643850875655117,158,+1.8303,+16.038
2021-11-09 13:22:22,-46,15389,-262,-0.002988706077433841,162,+1.8294,+16.083
2021-11-09 14:17:18,-52,15383,-264,-0.003379844373776755,165,+1.8301,+16.074
2021-11-09 15:19:00,-45,15386,-258,-0.0029243173323770023,163,+1.8299,+16.106
2021-11-09 16:19:00,-49,15386,-259,-0.003184251489340599,162,+1.8289,+16.164
2021-11-09 17:19:00,-53,15385,-262,-0.0034444008408367885,165,+1.8293,+16.169
2021-11-09 18:17:19,-54,15384,-262,-0.003509617058690768,158,+1.8291,+16.198
2021-11-09 19:22:24,-52,15384,-263,-0.003379628503123772,166,+1.8300,+16.187
2021-11-09 20:19:02,-58,15386,-262,-0.003769096459408393,163,+1.8292,+16.242
2021-11-09 21:17:19,-57,15384,-259,-0.003704606276543361,170,+1.8296,+16.231
2021-11-09 22:17:19,-56,15382,-257,-0.0036400947911590996,165,+1.8294,+16.197
2021-11-09 23:22:23,-56,15388,-274,-0.0036386065394230123,170,+1.8289,+16.172
2021-11-10 00:19:00,-56,15380,-271,-0.003640511143115408,168,+1.8310,+16.236
2021-11-10 01:20:42,-57,15378,-266,-0.003706022483787674,162,+1.8283,+16.232
2021-11-10 02:19:01,-60,15378,-262,-0.003901091784007612,166,+1.8299,+16.247
2021-11-10 03:20:42,-59,15384,-260,-0.0038345870057717867,163,+1.8310,+16.274
2021-11-10 04:17:22,-65,15378,-265,-0.004226164921356047,165,+1.8308,+16.284
2021-11-10 05:17:21,-56,15382,-259,-0.0036400868550010746,160,+1.8301,+16.279
2021-11-10 06:17:22,-68,15383,-254,-0.004419832899517109,157,+1.8285,+16.258
2021-11-10 07:20:42,-69,15380,-259,-0.004485679817381617,163,+1.8288,+16.263
2021-11-10 08:17:20,-65,15382,-265,-0.004225066270852302,168,+1.8303,+16.252
2021-11-10 09:17:21,-64,15380,-263,-0.004160616095409317,170,+1.8310,+16.237
2021-11-10 10:19:01,-64,15379,-269,-0.004160858483036491,168,+1.8306,+16.266
2021-11-10 11:17:22,-64,15380,-263,-0.004160616095409317,160,+1.8302,+16.302
2021-11-10 12:19:03,-63,15378,-259,-0.004096157775788725,162,+1.8292,+16.242
2021-11-10 13:17:22,-57,15380,-261,-0.0037055613376731685,168,+1.8286,+16.307
2021-11-10 14:19:02,-61,15379,-269,-0.003965820336951187,165,+1.8290,+16.307
2021-11-10 15:17:23,-58,15379,-261,-0.0037708156785038584,170,+1.8301,+16.405
2021-11-10 16:19:02,-58,15377,-262,-0.0037713018118582307,170,+1.8278,+16.370
2021-11-10 17:19:04,-68,15373,-260,-0.004422678290964725,173,+1.8307,+16.412
2021-11-10 18:19:02,-66,15378,-260,-0.004291205860360778,163,+1.8294,+16.417
2021-11-10 19:19:02,-61,15379,-255,-0.003965881823322507,168,+1.8290,+16.410
2021-11-10 20:19:02,-63,15379,-252,-0.0040959224708927225,166,+1.8292,+16.457
2021-11-10 21:17:22,-60,15378,-261,-0.0039010960965007576,170,+1.8303,+16.383
2021-11-10 22:19:03,-70,15379,-261,-0.0045509745906899945,174,+1.8297,+16.459
2021-11-10 23:19:04,-65,15382,-268,-0.004225051998678354,160,+1.8308,+16.420
2021-11-11 00:20:44,-64,15377,-267,-0.00416140892100205,170,+1.8301,+16.394
2021-11-11 01:22:27,-69,15371,-256,-0.004488320154618304,171,+1.8302,+16.486
2021-11-11 02:17:23,-68,15382,-254,-0.004420120155436271,168,+1.8298,+16.404
2021-11-11 03:25:50,-63,15384,-259,-0.004094560680981588,166,+1.8306,+16.451
2021-11-11 04:19:03,-70,15373,-262,-0.004552745239429381,165,+1.8306,+16.452
2021-11-11 05:19:05,-70,15376,-261,-0.0045518622599736444,162,+1.8283,+16.415
2021-11-11 06:17:22,-66,15380,-266,-0.004290619388155582,168,+1.8306,+16.446
2021-11-11 07:17:24,-74,15378,-256,-0.004811365422219867,160,+1.8301,+16.441
2021-11-11 08:17:23,-60,15375,-252,-0.0039018951522222403,162,+1.8308,+16.425
2021-11-11 09:22:26,-68,15371,-261,-0.004423248700879332,173,+1.8310,+16.405
2021-11-11 10:20:45,-68,15375,-268,-0.004422063658858594,165,+1.8304,+16.326
2021-11-11 11:20:45,-68,15371,-253,-0.004423287180876197,166,+1.8313,+16.329
2021-11-11 12:19:06,-72,15373,-261,-0.004682826979623228,168,+1.8305,+16.370
2021-11-11 13:17:23,-70,15375,-261,-0.004552158226679454,163,+1.8303,+16.413
2021-11-11 14:19:06,-75,15382,-260,-0.004875093888844682,166,+1.8308,+16.415
2021-11-11 15:17:23,-76,15386,-268,-0.004938766120627264,163,+1.8306,+16.433
2021-11-11 16:19:04,-81,15375,-265,-0.0052674616087071595,171,+1.8313,+16.506
2021-11-11 17:19:06,-75,15377,-261,-0.004876673229893408,166,+1.8303,+16.434
2021-11-11 18:19:06,-77,15378,-270,-0.005006339657019057,162,+1.8298,+16.541
2021-11-11 19:19:06,-82,15380,-272,-0.005330715399058581,163,+1.8303,+16.439
2021-11-11 20:20:47,-87,15378,-260,-0.005656563933188251,170,+1.8298,+16.510
2021-11-11 21:17:24,-86,15373,-258,-0.005593377644225625,163,+1.8298,+16.404
2021-11-11 22:20:46,-83,15370,-261,-0.005399299236134381,168,+1.8304,+16.488
2021-11-11 23:20:48,-92,15376,-271,-0.005982350203157365,163,+1.8306,+16.509
2021-11-12 00:20:46,-84,15374,-265,-0.005462904166031003,171,+1.8306,+16.489
2021-11-12 01:17:24,-83,15376,-264,-0.005397175005505866,170,+1.8288,+16.457
2021-11-12 02:20:47,-77,15373,-267,-0.005007984481120956,166,+1.8295,+16.467
2021-11-12 03:19:05,-84,15374,-264,-0.005462910277401014,160,+1.8295,+16.504
2021-11-12 04:20:48,-91,15375,-265,-0.005917751162950892,165,+1.8310,+16.455
2021-11-12 05:17:26,-86,15379,-261,-0.005591177691884667,163,+1.8304,+16.494
2021-11-12 06:17:25,-84,15376,-267,-0.005462181528513361,165,+1.8328,+16.452
2021-11-12 07:19:07,-84,15373,-269,-0.005463234729329152,163,+1.8314,+16.418
2021-11-12 08:19:06,-77,15372,-264,-0.005008327039971283,171,+1.8320,+16.341
2021-11-12 09:22:28,-79,15370,-274,-0.005139021116710292,170,+1.8321,+16.378
2021-11-12 10:17:26,-76,15371,-258,-0.0049436391530144385,162,+1.8303,+16.384
2021-11-12 11:17:26,-77,15373,-269,-0.005007973126548511,158,+1.8299,+16.295
2021-11-12 12:20:48,-71,15365,-261,-0.004620192235147499,166,+1.8317,+16.282
2021-11-12 13:17:27,-81,15378,-257,-0.005266480821276657,158,+1.8325,+16.367
2021-11-12 14:17:26,-72,15374,-263,-0.004682512100135082,170,+1.8313,+16.303
2021-11-12 15:17:27,-71,15378,-267,-0.004616256762994665,166,+1.8298,+16.360
2021-11-12 16:20:48,-73,15369,-261,-0.004749100596919564,158,+1.8291,+16.334
2021-11-12 17:17:27,-65,15369,-264,-0.004228643708660511,166,+1.8289,+16.405
2021-11-12 18:19:08,-68,15369,-269,-0.004423784441746747,170,+1.8299,+16.443
2021-11-12 19:19:08,-71,15369,-264,-0.004618974733736978,165,+1.8308,+16.422
2021-11-12 20:24:13,-75,15371,-260,-0.004878581615670346,168,+1.8306,+16.489
2021-11-12 21:19:09,-71,15368,-264,-0.0046192751987568,168,+1.8315,+16.499
2021-11-12 22:19:09,-71,15376,-253,-0.0046169280845444124,174,+1.8315,+16.452
2021-11-12 23:20:49,-73,15376,-261,-0.0047469392007985205,165,+1.8304,+16.462
2021-11-13 00:17:26,-71,15374,-260,-0.004617493461977861,170,+1.8299,+16.418
2021-11-13 01:20:49,-70,15378,-260,-0.004551275453977534,170,+1.8308,+16.452
2021-11-13 02:22:31,-68,15379,-251,-0.0044209963026728685,177,+1.8301,+16.436
2021-11-13 03:19:08,-75,15379,-262,-0.004876033834044029,166,+1.8317,+16.459
2021-11-13 04:17:28,-73,15383,-263,-0.004744769267402664,162,+1.8292,+16.465
2021-11-13 05:19:08,-72,15382,-258,-0.004680103283137779,168,+1.8301,+16.418
2021-11-13 06:19:09,-77,15382,-255,-0.005005121477024107,166,+1.8322,+16.480
2021-11-13 07:17:29,-79,15378,-255,-0.005136457691362321,168,+1.8299,+16.433
2021-11-13 08:19:09,-84,15379,-254,-0.005461194527562675,165,+1.8315,+16.449
2021-11-13 09:17:29,-81,15387,-261,-0.005263378299415007,160,+1.8312,+16.451
2021-11-13 10:17:28,-83,15377,-265,-0.005396818090546255,168,+1.8303,+16.446
2021-11-13 11:17:29,-84,15372,-269,-0.0054635900151488725,160,+1.8307,+16.514
2021-11-13 12:19:10,-87,15380,-262,-0.00565581610779326,160,+1.8300,+16.493
2021-11-13 13:17:28,-83,15378,-262,-0.0053964852908172795,162,+1.8308,+16.468
2021-11-13 14:24:13,-87,15382,-252,-0.005655142362700625,171,+1.8306,+16.493
2021-11-13 15:19:10,-87,15371,-270,-0.005659075705062487,174,+1.8295,+16.502
2021-11-15 10:17:33,-74,15360,-253,-0.004817017673055781,163,+1.8309,+16.200
2021-11-15 11:17:32,-73,15373,-252,-0.004747911637018829,166,+1.8309,+16.171
2021-11-15 12:19:14,-64,15371,-249,-0.004163114603426582,168,+1.8306,+16.122
2021-11-15 13:17:34,-68,15364,-256,-0.004425287595257669,163,+1.8295,+16.153
2021-11-15 14:17:33,-69,15373,-248,-0.0044877746737581724,157,+1.8324,+16.151
2021-11-15 15:17:34,-70,15376,-254,-0.004551896953743552,160,+1.8299,+16.244
2021-11-15 16:19:14,-65,15373,-248,-0.004227617018331594,163,+1.8305,+16.208
2021-11-15 17:17:33,-65,15368,-240,-0.004229027048644065,163,+1.8305,+16.176
2021-11-15 18:19:15,-66,15372,-258,-0.004292889712430468,162,+1.8308,+16.096
2021-11-15 19:17:33,-65,15368,-249,-0.004228987656467285,163,+1.8311,+16.142
2021-11-15 20:19:14,-60,15367,-257,-0.003903904866120658,160,+1.8310,+16.056
2021-11-15 21:17:33,-61,15368,-257,-0.003968711082518004,154,+1.8296,+16.059
2021-11-15 22:19:15,-56,15377,-250,-0.003641305386020123,171,+1.8319,+16.061
2021-11-15 23:19:15,-57,15372,-248,-0.003707541133176624,158,+1.8272,+16.059
2021-11-16 00:19:17,-54,15367,-248,-0.003513551573375436,163,+1.8307,+16.025
2021-11-16 01:17:34,-49,15370,-246,-0.0031876095761031718,152,+1.8297,+15.944
2021-11-16 02:17:34,-50,15373,-251,-0.003252010704202797,165,+1.8302,+15.943
2021-11-16 03:20:56,-56,15369,-264,-0.0036431447921821077,162,+1.8293,+15.931
2021-11-16 04:19:15,-41,15375,-251,-0.002666305069563441,171,+1.8313,+15.948
2021-11-16 05:19:15,-49,15380,-259,-0.003185493359578717,168,+1.8297,+15.894
2021-11-16 06:17:34,-46,15373,-244,-0.0029918733950225766,162,+1.8298,+15.852
2021-11-16 07:17:34,-44,15378,-243,-0.00286086537102232,160,+1.8303,+15.862
2021-11-16 08:19:16,-41,15368,-253,-0.0026675135295005674,155,+1.8298,+15.823
2021-11-16 09:19:16,-41,15376,-252,-0.002666128874245525,157,+1.8291,+15.807
2021-11-16 10:17:35,-42,15371,-249,-0.0027320529446313393,163,+1.8313,+15.773
2021-11-16 11:17:35,-41,15374,-249,-0.002666484091229491,158,+1.8294,+15.716
2021-11-16 12:20:58,-43,15377,-245,-0.0027960220508475744,165,+1.8312,+15.726
2021-11-16 13:17:35,-39,15380,-252,-0.002535414981818484,157,+1.8313,+15.745
2021-11-16 14:19:17,-38,15372,-255,-0.002471681970665878,163,+1.8297,+15.747
2021-11-16 15:17:37,-38,15371,-250,-0.002471855932156666,165,+1.8301,+15.702
2021-11-16 16:20:58,-45,15371,-256,-0.0029271766139210248,162,+1.8313,+15.745
2021-11-16 17:19:17,-43,15369,-258,-0.0027974383712475706,163,+1.8310,+15.718
2021-11-16 18:17:37,-40,15371,-252,-0.002601947513400193,160,+1.8299,+15.729
2021-11-16 19:19:17,-40,15376,-262,-0.00260107337080905,162,+1.8296,+15.708
2021-11-16 20:17:36,-44,15375,-260,-0.002861371707439942,163,+1.8287,+15.700
2021-11-16 21:19:17,-39,15372,-256,-0.0025367232155009962,165,+1.8286,+15.733
2021-11-16 22:19:17,-33,15378,-260,-0.0021456128077491166,162,+1.8290,+15.760
2021-11-16 23:19:17,-43,15372,-262,-0.0027968802735830424,155,+1.8299,+15.712
2021-11-17 00:17:37,-37,15370,-259,-0.0024069405648758425,158,+1.8315,+15.758
2021-11-17 01:17:37,-37,15371,-261,-0.0024067787246747634,165,+1.8296,+15.674
2021-11-17 02:21:00,-46,15376,-257,-0.002991248612312107,155,+1.8303,+15.690
2021-11-17 03:17:36,-45,15378,-264,-0.0029258188256217617,165,+1.8290,+15.705
2021-11-17 04:17:38,-45,15376,-264,-0.002926199280866472,162,+1.8306,+15.742
2021-11-17 05:19:18,-40,15369,-259,-0.002602266319406595,162,+1.8314,+15.687
2021-11-17 06:22:40,-45,15380,-261,-0.002925448205729838,168,+1.8289,+15.660
2021-11-17 07:22:41,-47,15377,-269,-0.0030560358779458635,160,+1.8321,+15.718
2021-11-17 08:19:19,-40,15376,-250,-0.0026011071591991535,157,+1.8282,+15.635
2021-11-17 09:19:18,-44,15377,-254,-0.002861018305787381,160,+1.8304,+15.618
2021-11-17 10:17:37,-42,15372,-256,-0.0027318548343604984,163,+1.8300,+15.640
2021-11-17 11:17:37,-44,15381,-256,-0.0028602683087733563,160,+1.8292,+15.563
2021-11-17 12:17:37,-43,15379,-258,-0.0027956198938080385,160,+1.8287,+15.655
2021-11-17 13:26:03,-46,15376,-267,-0.002991215473575949,160,+1.8309,+15.635
2021-11-17 14:19:20,-48,15377,-264,-0.003121075083078494,163,+1.8312,+15.671
2021-11-17 15:17:38,-49,15381,-252,-0.0031853103878890367,163,+1.8298,+15.647
2021-11-17 16:17:38,-51,15377,-253,-0.0033161807553169762,166,+1.8301,+15.703
2021-11-17 17:21:00,-46,15376,-257,-0.002991248612312107,166,+1.8306,+15.741
2021-11-17 18:21:00,-45,15376,-252,-0.0029262375894549774,160,+1.8304,+15.805
2021-11-17 19:19:19,-46,15380,-266,-0.0029904411313334406,166,+1.8282,+15.788
2021-11-17 20:17:38,-46,15381,-258,-0.0029902732514148897,155,+1.8282,+15.839
2021-11-17 21:22:43,-50,15376,-260,-0.0032513447656371997,163,+1.8297,+15.770
2021-11-17 22:19:21,-48,15370,-255,-0.003122526955200161,165,+1.8305,+15.834
2021-11-17 23:19:20,-49,15384,-262,-0.0031846548255146856,155,+1.8298,+15.846
2021-11-18 00:17:39,-46,15379,-260,-0.0029906554690622513,162,+1.8296,+15.852
2021-11-18 01:17:40,-45,15375,-265,-0.002926386272210397,168,+1.8312,+15.854
2021-11-18 02:17:39,-47,15371,-253,-0.0030572824357357068,168,+1.8309,+15.833
2021-11-18 03:21:01,-52,15379,-264,-0.0033807231885449314,165,+1.8289,+15.813
2021-11-18 04:17:39,-50,15373,-258,-0.003251986196827131,158,+1.8297,+15.901
2021-11-18 05:17:39,-49,15371,-253,-0.0031873786975069227,160,+1.8292,+15.867
2021-11-18 06:17:41,-47,15373,-256,-0.0030568749259196346,165,+1.8283,+15.902
2021-11-18 07:19:22,-52,15371,-260,-0.0033824971886841893,158,+1.8285,+15.893
2021-11-18 08:17:40,-53,15373,-258,-0.003447103866712947,162,+1.8285,+15.841
2021-11-18 09:19:21,-52,15370,-264,-0.0033827021934500516,162,+1.8302,+15.830
2021-11-18 10:21:03,-59,15377,-260,-0.003836332091014655,166,+1.8307,+15.843
2021-11-18 11:17:41,-59,15375,-259,-0.0038368351892081112,162,+1.8294,+15.891
2021-11-18 12:19:21,-56,15372,-264,-0.003642434011884465,163,+1.8305,+15.838
2021-11-18 13:21:02,-62,15378,-256,-0.0040311532728382485,165,+1.8307,+15.833
2021-11-18 14:19:21,-66,15384,-264,-0.0042895137327307944,160,+1.8301,+15.923
2021-11-18 15:19:21,-62,15375,-262,-0.004031913115295149,157,+1.8291,+15.999
2021-11-18 16:22:44,-61,15376,-265,-0.003966611773359523,163,+1.8295,+15.985
2021-11-18 17:19:23,-58,15373,-264,-0.003772274403527856,162,+1.8290,+16.058
2021-11-18 18:17:41,-60,15374,-267,-0.0039020846366227976,168,+1.8296,+16.032
2021-11-18 19:19:24,-67,15373,-256,-0.004357658757176188,165,+1.8305,+16.069
2021-11-18 20:21:04,-67,15382,-260,-0.0043550908418434325,165,+1.8308,+16.101
2021-11-18 21:24:27,-72,15372,-269,-0.004683089518532675,162,+1.8290,+16.056
2021-11-18 22:19:22,-73,15376,-267,-0.0047469074067303125,162,+1.8293,+16.142
2021-11-18 23:21:04,-78,15380,-259,-0.005070759038436733,165,+1.8297,+16.134
2021-11-19 00:17:41,-77,15374,-259,-0.005007703404018558,171,+1.8296,+16.192
2021-11-19 01:21:03,-78,15371,-263,-0.005073704754185478,163,+1.8307,+16.202
2021-11-19 02:22:45,-74,15371,-256,-0.004813555891326927,165,+1.8291,+16.155
2021-11-19 03:17:43,-79,15371,-269,-0.005138716411753414,170,+1.8301,+16.211
2021-11-19 04:19:23,-75,15383,-261,-0.004874771705254233,171,+1.8304,+16.171
2021-11-19 05:21:06,-88,15371,-256,-0.005724210316912256,163,+1.8287,+16.200
2021-11-19 06:19:24,-82,15377,-259,-0.005331832862085756,170,+1.8307,+16.172
2021-11-19 07:22:45,-80,15375,-255,-0.005202489602322021,160,+1.8296,+16.239
2021-11-19 08:17:42,-81,15370,-267,-0.005269162758484966,163,+1.8305,+16.206
2021-11-19 09:19:23,-89,15374,-259,-0.005788108458348013,171,+1.8311,+16.164
2021-11-19 10:24:28,-86,15373,-266,-0.005593328052293737,170,+1.8300,+16.151
2021-11-19 11:17:42,-90,15371,-265,-0.005854244992128182,166,+1.8300,+16.163
2021-11-19 12:21:05,-84,15375,-259,-0.005462585282638422,166,+1.8296,+16.245
2021-11-19 13:21:05,-95,15365,-266,-0.006181878105597693,165,+1.8309,+16.182
2021-11-19 14:17:42,-92,15366,-264,-0.005986289596991665,176,+1.8305,+16.231
2021-11-19 15:19:24,-93,15364,-264,-0.006052143862402104,166,+1.8312,+16.211
2021-11-19 16:17:44,-90,15368,-256,-0.005855445546711941,170,+1.8303,+16.236
2021-11-19 17:17:43,-96,15366,-273,-0.006246492519686487,168,+1.8297,+16.266
2021-11-19 18:17:45,-93,15369,-255,-0.006050235349286279,168,+1.8304,+16.315
2021-11-19 19:17:43,-88,15367,-257,-0.00572569365437536,171,+1.8295,+16.347
2021-11-19 20:17:44,-80,15368,-258,-0.005204841646210875,173,+1.8295,+16.291
2021-11-19 21:19:25,-92,15370,-264,-0.005984732178419987,166,+1.8308,+16.305
2021-11-19 22:19:26,-92,15360,-266,-0.005988613796328711,166,+1.8302,+16.339
2021-11-19 23:17:45,-89,15367,-262,-0.005790725101119333,168,+1.8304,+16.313
2021-11-20 00:17:45,-92,15369,-262,-0.005985134780969716,171,+1.8296,+16.352
2021-11-20 01:21:06,-91,15371,-255,-0.005919355766501388,168,+1.8309,+16.347
2021-11-20 02:17:45,-91,15371,-257,-0.005919342942927055,162,+1.8284,+16.326
2021-11-20 03:19:25,-91,15368,-256,-0.005920504540800253,168,+1.8300,+16.379
2021-11-20 04:17:44,-92,15363,-259,-0.005987491351554871,162,+1.8292,+16.409
2021-11-20 05:24:30,-93,15363,-262,-0.006052551163801589,162,+1.8309,+16.368
2021-11-20 06:19:26,-90,15363,-263,-0.005857305605526645,163,+1.8300,+16.371
2021-11-20 07:17:46,-92,15363,-257,-0.005987504437652864,168,+1.8312,+16.379
2021-11-20 08:19:25,-92,15367,-265,-0.0059858934638603745,162,+1.8307,+16.394
2021-11-20 09:19:25,-93,15359,-263,-0.0060541202199493735,155,+1.8297,+16.287
2021-11-20 10:19:26,-95,15358,-264,-0.006184708710677603,170,+1.8280,+16.355
2021-11-20 11:21:07,-94,15364,-256,-0.00611727294924877,173,+1.8284,+16.297
2021-11-20 12:17:46,-96,15366,-264,-0.006246556428340525,162,+1.8302,+16.324
2021-11-20 13:19:27,-86,15364,-260,-0.00559664089120365,163,+1.8320,+16.349
2021-11-20 14:17:45,-92,15367,-261,-0.005985920122005967,171,+1.8297,+16.324
2021-11-20 15:22:50,-91,15369,-249,-0.005920163719515438,163,+1.8299,+16.273
2021-11-20 16:22:49,-88,15357,-264,-0.005729376636511814,162,+1.8313,+16.302
2021-11-20 17:19:28,-94,15365,-256,-0.006116874939312086,158,+1.8301,+16.282
2021-11-20 18:19:26,-94,15363,-270,-0.006117575604847635,166,+1.8304,+16.292
2021-11-20 19:17:47,-95,15365,-261,-0.006181912593625484,162,+1.8299,+16.260
2021-11-20 20:22:50,-94,15365,-262,-0.006116834688020127,157,+1.8302,+16.312
2021-11-20 21:19:27,-86,15368,-261,-0.00559517846906825,166,+1.8288,+16.273
2021-11-20 22:17:46,-81,15363,-264,-0.005271580615764601,162,+1.8301,+16.229
2021-11-20 23:19:29,-89,15363,-262,-0.005792232335952558,160,+1.8299,+16.239
2021-11-21 00:19:28,-92,15364,-257,-0.005987114845979957,163,+1.8317,+16.279
2021-11-21 01:17:46,-85,15365,-260,-0.005531205106497556,160,+1.8299,+16.232
2021-11-21 02:19:27,-87,15361,-259,-0.0056628283457865105,168,+1.8285,+16.192
2021-11-21 03:19:28,-92,15360,-258,-0.005988666982696041,166,+1.8303,+16.197
2021-11-21 04:19:27,-83,15369,-257,-0.0053996741147839125,168,+1.8312,+16.197
2021-11-21 05:24:33,-89,15358,-253,-0.005794174395597462,166,+1.8305,+16.248
2021-11-21 06:17:46,-84,15368,-254,-0.0054651023584184905,163,+1.8300,+16.142
2021-11-21 07:17:49,-90,15358,-256,-0.005859257036266539,158,+1.8314,+16.224
2021-11-21 08:17:48,-91,15360,-251,-0.005923619023076544,157,+1.8311,+16.179
2021-11-21 09:21:09,-78,15361,-257,-0.005077040263431246,163,+1.8304,+16.121
2021-11-21 10:22:51,-76,15363,-255,-0.004946228816058126,165,+1.8281,+16.088
2021-11-21 11:22:51,-83,15360,-250,-0.005402877664289858,165,+1.8301,+16.079
2021-11-21 12:19:29,-74,15362,-260,-0.004816354084818301,162,+1.8301,+16.067
2021-11-21 13:17:48,-74,15366,-256,-0.0048151217334636755,160,+1.8303,+16.062
2021-11-21 14:19:30,-75,15366,-261,-0.00488016321347796,173,+1.8285,+16.071
2021-11-21 15:19:29,-70,15360,-261,-0.004556602349649512,163,+1.8308,+16.079
2021-11-21 16:22:53,-73,15361,-265,-0.004751551997203551,163,+1.8290,+16.072
2021-11-21 17:17:48,-64,15361,-257,-0.004165788322020293,165,+1.8300,+16.028
2021-11-21 18:21:10,-72,15363,-252,-0.004685919994701509,165,+1.8293,+16.004
2021-11-21 19:19:30,-71,15358,-261,-0.004622297427851918,162,+1.8301,+16.080
2021-11-21 20:19:30,-67,15360,-260,-0.004361326737651484,168,+1.8301,+16.061
2021-11-21 21:17:48,-66,15362,-256,-0.004295692730028114,160,+1.8305,+16.009
2021-11-21 22:17:48,-66,15360,-252,-0.004296270398822672,168,+1.8298,+16.033
2021-11-21 23:19:30,-67,15358,-253,-0.004361927717277341,168,+1.8303,+16.040
2021-11-22 00:17:49,-64,15363,-256,-0.004165250690916913,163,+1.8304,+15.988
2021-11-22 01:17:50,-61,15357,-258,-0.0039715486530506475,157,+1.8303,+16.027
2021-11-22 02:19:30,-60,15356,-254,-0.00390671324362524,160,+1.8293,+15.993
2021-11-22 03:21:12,-61,15355,-253,-0.003972087314371536,165,+1.8298,+15.977
2021-11-22 04:19:30,-58,15366,-259,-0.0037740132370178326,170,+1.8295,+15.928
2021-11-22 05:17:49,-57,15361,-257,-0.003710159662307639,162,+1.8303,+15.901
2021-11-22 06:17:49,-59,15358,-261,-0.0038410725252881295,158,+1.8309,+15.809
2021-11-22 07:19:30,-52,15360,-256,-0.0033849336398462915,166,+1.8293,+15.813
2021-11-22 08:17:50,-51,15361,-255,-0.0033196267789343207,160,+1.8297,+15.763
2021-11-22 09:17:50,-50,15359,-255,-0.003254960197597987,165,+1.8304,+15.736
2021-11-22 10:19:30,-43,15362,-257,-0.002798715766435747,160,+1.8283,+15.700
2021-11-22 11:17:49,-43,15363,-250,-0.002798554680540954,163,+1.8281,+15.741
2021-11-22 12:19:31,-40,15361,-260,-0.0026036183244876367,165,+1.8301,+15.750
2021-11-22 13:19:31,-41,15362,-256,-0.0026685464727808084,158,+1.8299,+15.694
2021-11-22 14:19:32,-46,15364,-258,-0.002993580985013964,160,+1.8302,+15.796
2021-11-22 15:19:32,-42,15369,-248,-0.0027324112511731154,155,+1.8293,+15.784
2021-11-22 16:17:50,-37,15371,-253,-0.002406799662608487,154,+1.8310,+15.862
2021-11-22 17:17:51,-47,15371,-251,-0.0030572889556651156,162,+1.8325,+15.812
2021-11-22 18:17:51,-40,15372,-252,-0.0026017782942563674,158,+1.8295,+15.737
2021-11-22 19:19:31,-41,15377,-253,-0.0026659526913097096,163,+1.8306,+15.792
2021-11-22 20:17:52,-37,15371,-253,-0.002406799662608487,163,+1.8297,+15.742
2021-11-22 21:21:13,-37,15370,-253,-0.0024069562103273497,160,+1.8304,+15.766
2021-11-22 22:19:33,-38,15369,-254,-0.002472166966511585,154,+1.8298,+15.809
2021-11-22 23:17:51,-41,15362,-257,-0.0026685435731463006,155,+1.8300,+15.778
2021-11-23 00:17:51,-36,15370,-249,-0.0023419135312902697,158,+1.8283,+15.737
2021-11-23 01:17:51,-38,15370,-253,-0.002472008819346195,165,+1.8295,+15.737
2021-11-23 02:17:52,-36,15369,-246,-0.002342073230012183,163,+1.8294,+15.723
2021-11-23 03:21:13,-39,15363,-255,-0.002538211614642003,155,+1.8295,+15.789
2021-11-23 04:19:34,-33,15368,-254,-0.0021470225742589925,162,+1.8283,+15.718
2021-11-23 05:21:14,-41,15373,-254,-0.0026666433120378667,150,+1.8299,+15.713
2021-11-23 06:17:53,-42,15371,-259,-0.0027320235819664673,158,+1.8294,+15.723
2021-11-23 07:22:56,-40,15370,-255,-0.0026021083800816017,160,+1.8301,+15.745
2021-11-23 08:17:52,-37,15368,-255,-0.002407264190398681,150,+1.8291,+15.771
2021-11-23 09:19:35,-36,15369,-258,-0.0023420432542759985,160,+1.8301,+15.726
2021-11-23 10:17:53,-41,15368,-257,-0.0026675020122308335,154,+1.8318,+15.781
2021-11-23 11:21:16,-44,15379,-255,-0.0028606432637723086,160,+1.8302,+15.799
2021-11-23 12:19:33,-53,15379,-255,-0.003445770602069371,163,+1.8287,+15.836
2021-11-23 13:17:53,-45,15377,-251,-0.0029260504534093096,158,+1.8291,+15.836
2021-11-23 14:17:52,-50,15373,-255,-0.0032519967824597307,158,+1.8303,+15.910
2021-11-23 15:17:52,-46,15369,-259,-0.0029926040888035117,163,+1.8290,+15.868
2021-11-23 16:17:54,-50,15371,-258,-0.003252409207353789,165,+1.8288,+15.933
2021-11-23 17:22:56,-51,15378,-260,-0.003315940001542183,158,+1.8295,+15.952
2021-11-23 18:21:15,-49,15375,-258,-0.0031865324750871803,165,+1.8293,+15.999
2021-11-23 19:17:53,-51,15376,-259,-0.0033163748278768543,166,+1.8287,+16.012
2021-11-23 20:19:35,-50,15374,-264,-0.0032517531946484276,168,+1.8290,+15.941
2021-11-23 21:17:53,-50,15375,-277,-0.003251493408722416,165,+1.8286,+15.951
2021-11-23 22:17:53,-52,15374,-267,-0.0033818109570221723,160,+1.8301,+15.906
2021-11-23 23:22:58,-65,15366,-257,-0.004229501694093747,166,+1.8299,+15.876
2021-11-24 00:19:36,-55,15367,-264,-0.003578554738926151,165,+1.8293,+15.980
2021-11-24 01:22:57,-56,15374,-265,-0.0036419562380770147,162,+1.8295,+15.943
2021-11-24 02:17:53,-52,15376,-267,-0.0033813712112239405,162,+1.8302,+15.974
2021-11-24 03:17:55,-47,15372,-268,-0.0030570330668104498,165,+1.8305,+16.007
2021-11-24 04:19:35,-57,15381,-260,-0.003705324569963172,163,+1.8311,+15.974
2021-11-24 05:19:36,-49,15379,-264,-0.0031856828261185217,165,+1.8306,+15.948
2021-11-24 06:19:36,-61,15374,-264,-0.003967132068351873,160,+1.8292,+15.925
2021-11-24 07:17:54,-54,15376,-255,-0.0035114694050853617,163,+1.8302,+15.961
2021-11-24 08:17:56,-54,15377,-268,-0.0035111906450532022,165,+1.8301,+15.919
2021-11-24 09:22:58,-57,15369,-265,-0.003708196206922256,166,+1.8295,+15.925
2021-11-24 10:19:37,-51,15369,-263,-0.0033178702114925896,162,+1.8297,+15.901
2021-11-24 11:24:39,-55,15368,-265,-0.0035783179458202443,155,+1.8297,+15.967
2021-11-24 12:19:37,-52,15376,-256,-0.003381412339846717,165,+1.8290,+15.886
2021-11-24 13:17:54,-54,15368,-260,-0.003513277678309631,163,+1.8310,+15.901
2021-11-24 14:17:55,-53,15376,-269,-0.0034463892596065158,160,+1.8296,+15.998
2021-11-24 15:17:55,-52,15370,-259,-0.003382720910177223,160,+1.8277,+15.920
2021-11-24 16:19:38,-61,15374,-267,-0.003967118703815678,155,+1.8297,+15.917
2021-11-24 17:17:55,-57,15369,-261,-0.0037082127173013414,158,+1.8292,+15.920
2021-11-24 18:17:55,-65,15375,-266,-0.0042269845381785656,168,+1.8303,+16.019
2021-11-24 19:17:55,-54,15365,-255,-0.003513982598285261,155,+1.8297,+15.928
2021-11-24 20:17:55,-52,15369,-260,-0.0033829372308068744,158,+1.8292,+15.881
2021-11-24 21:19:38,-52,15367,-266,-0.003383354785399518,168,+1.8299,+15.915
2021-11-24 22:17:55,-50,15371,-267,-0.003252376695566709,155,+1.8295,+15.944
2021-11-24 23:19:38,-46,15370,-263,-0.002992396220591879,163,+1.8297,+15.957
2021-11-25 00:17:57,-46,15369,-259,-0.0029926040888035117,158,+1.8297,+15.964
2021-11-25 01:24:41,-51,15376,-261,-0.003316367535780656,152,+1.8295,+15.946
2021-11-25 02:19:38,-55,15371,-267,-0.003577611716063659,157,+1.8299,+15.948
2021-11-25 03:17:56,-49,15372,-276,-0.003187089377663574,154,+1.8308,+15.951
2021-11-25 04:19:39,-41,15375,-262,-0.002666273254405528,165,+1.8292,+15.876
2021-11-25 05:17:56,-48,15364,-270,-0.003123693941049753,162,+1.8296,+15.862
2021-11-25 06:17:56,-40,15367,-262,-0.002602596293552046,165,+1.8297,+15.896
2021-11-25 07:17:56,-51,15365,-266,-0.0033187225485275394,162,+1.8304,+15.812
2021-11-25 08:17:57,-52,15367,-273,-0.0033833277652627345,155,+1.8289,+15.818
2021-11-25 09:19:38,-40,15371,-258,-0.002601930668717833,160,+1.8298,+15.679
2021-11-25 10:17:58,-51,15370,-260,-0.0033176654237065148,157,+1.8296,+15.686
2021-11-25 11:19:38,-48,15371,-259,-0.003122310287071086,158,+1.8291,+15.634
2021-11-25 12:21:19,-53,15376,-262,-0.0034464163433648607,152,+1.8291,+15.669
2021-11-25 13:19:38,-46,15374,-264,-0.0029916145586849512,163,+1.8291,+15.621
2021-11-25 14:17:57,-46,15376,-260,-0.0029912388033844165,155,+1.8307,+15.635
2021-11-25 15:19:38,-49,15375,-269,-0.0031864934154498922,154,+1.8297,+15.770
2021-11-25 16:26:23,-48,15371,-265,-0.003122289519107499,154,+1.8308,+15.876
2021-11-25 17:23:02,-46,15370,-257,-0.002992415975295948,165,+1.8285,+15.876
2021-11-25 18:17:57,-43,15371,-256,-0.0027970805698587353,157,+1.8296,+15.820
2021-11-25 19:21:21,-44,15377,-257,-0.0028610090339329444,165,+1.8297,+15.891
2021-11-25 20:17:58,-43,15373,-262,-0.002796698392784045,165,+1.8298,+15.823
2021-11-25 21:17:59,-45,15373,-263,-0.0029267734115489717,168,+1.8288,+15.788
2021-11-25 22:17:58,-41,15372,-262,-0.0026667934508094646,168,+1.8273,+15.794
2021-11-25 23:21:20,-46,15379,-263,-0.002990645552200092,157,+1.8309,+15.812
2021-11-26 00:17:58,-44,15373,-268,-0.00286171829162143,166,+1.8292,+15.862
2021-11-26 01:19:39,-42,15371,-252,-0.002732044257114356,162,+1.8299,+15.733
2021-11-26 02:17:58,-37,15377,-263,-0.0024058345602733923,157,+1.8290,+15.749
2021-11-26 03:17:59,-38,15364,-252,-0.0024729765753636556,160,+1.8280,+15.645
2021-11-26 04:18:00,-39,15376,-267,-0.002536032637021103,154,+1.8298,+15.623
2021-11-26 05:19:40,-35,15370,-265,-0.002276820985633495,158,+1.8281,+15.526
2021-11-26 06:18:00,-35,15372,-263,-0.0022765299303344694,163,+1.8299,+15.522
2021-11-26 07:19:40,-33,15377,-272,-0.002145723343583145,166,+1.8292,+15.537
2021-11-26 08:18:00,-31,15378,-272,-0.002015548833979471,163,+1.8294,+15.529
2021-11-26 09:19:42,-27,15368,-263,-0.0017566384264670965,157,+1.8276,+15.535
2021-11-26 10:18:00,-26,15375,-257,-0.0016908191029149089,150,+1.8282,+15.469
2021-11-26 11:18:00,-27,15381,-265,-0.0017551502392175093,160,+1.8287,+15.475
2021-11-26 12:24:45,-31,15371,-260,-0.0020164936658913315,163,+1.8293,+15.613
2021-11-26 13:19:42,-33,15374,-261,-0.0021461685262821866,163,+1.8303,+15.681
2021-11-26 14:18:01,-27,15375,-263,-0.0017558388917716067,160,+1.8298,+15.666
2021-11-26 15:18:00,-36,15376,-268,-0.0023409512979275827,158,+1.8290,+15.700
2021-11-26 16:21:24,-35,15379,-263,-0.002275494037599467,163,+1.8307,+15.692
2021-11-26 17:19:41,-28,15380,-270,-0.0018202636835960844,165,+1.8305,+15.660
2021-11-26 18:19:42,-26,15375,-264,-0.001690806063878874,150,+1.8297,+15.587
2021-11-26 19:18:01,-29,15378,-263,-0.0018855329337659414,157,+1.8317,+15.530
2021-11-26 20:18:02,-23,15384,-261,-0.0014948435706815004,158,+1.8276,+15.530
2021-11-26 21:18:01,-26,15380,-260,-0.001690264036428667,163,+1.8311,+15.475
2021-11-26 22:18:00,-33,15379,-261,-0.0021454709699143646,152,+1.8302,+15.433
2021-11-26 23:19:42,-27,15376,-256,-0.0017557382178994554,160,+1.8301,+15.365
2021-11-27 00:24:45,-25,15384,-259,-0.0016248333175159241,152,+1.8288,+15.424
2021-11-27 01:19:42,-27,15378,-264,-0.0017554945012949966,147,+1.8296,+15.318
2021-11-27 02:18:02,-22,15378,-264,-0.0014304034208078916,158,+1.8287,+15.302
2021-11-27 03:19:43,-23,15376,-259,-0.0014956243883681064,162,+1.8310,+15.393
2021-11-27 04:19:43,-26,15382,-263,-0.001690038725998558,154,+1.8301,+15.375
2021-11-27 05:18:03,-27,15383,-261,-0.0017549299133601862,155,+1.8288,+15.356
2021-11-27 06:21:25,-21,15388,-258,-0.0013645071448040353,160,+1.8292,+15.323
2021-11-27 07:19:42,-26,15376,-268,-0.001690688525956081,149,+1.8310,+15.346
2021-11-27 08:19:44,-25,15374,-259,-0.0016258898867851236,154,+1.8291,+15.238
2021-11-27 09:19:44,-28,15380,-269,-0.001820265756820727,162,+1.8311,+15.267
2021-11-27 10:19:43,-22,15381,-260,-0.0014301308425842803,152,+1.8304,+15.242
2021-11-27 11:18:02,-25,15381,-263,-0.0016251429744507532,154,+1.8293,+15.264
2021-11-27 12:18:03,-28,15383,-261,-0.0018199271766015405,160,+1.8285,+15.166
2021-11-27 13:19:45,-18,15378,-256,-0.0011703406262404362,154,+1.8283,+15.191
2021-11-27 14:19:43,-23,15382,-262,-0.0014950362253039098,150,+1.8287,+15.113
2021-11-27 15:18:02,-23,15380,-258,-0.001495237153763115,152,+1.8289,+15.149
2021-11-27 16:19:43,-23,15382,-268,-0.0014950261816387954,152,+1.8296,+15.166
2021-11-27 17:19:45,-19,15379,-264,-0.0012352683197599617,152,+1.8299,+15.173
2021-11-27 18:18:03,-18,15373,-262,-0.0011707134725270152,149,+1.8294,+15.168
2021-11-27 19:19:44,-20,15372,-271,-0.0013008640038470918,150,+1.8298,+15.076
2021-11-27 20:19:45,-16,15382,-261,-0.001040026749212339,150,+1.8305,+15.132
2021-11-27 21:21:27,-21,15376,-254,-0.00136557766878036,157,+1.8293,+15.108
2021-11-27 22:19:46,-22,15375,-269,-0.0014306743791815896,152,+1.8296,+15.128
2021-11-27 23:18:05,-16,15379,-269,-0.0010402202485971681,157,+1.8297,+15.034
2021-11-28 00:21:25,-14,15377,-267,-0.000910313204756478,152,+1.8281,+15.019
2021-11-28 01:18:05,-13,15378,-263,-0.0008452397017306287,154,+1.8282,+15.063
2021-11-28 02:18:03,-12,15380,-255,-0.0007801266926329285,141,+1.8315,+15.001
2021-11-28 03:19:45,-19,15376,-263,-0.0012355106373964347,155,+1.8304,+15.048
2021-11-28 04:18:03,-17,15378,-261,-0.0011053157176542654,147,+1.8283,+15.018
2021-11-28 05:18:05,-17,15378,-266,-0.0011053095615184846,154,+1.8308,+15.031
2021-11-28 06:19:46,-19,15376,-265,-0.00123550787894887,152,+1.8308,+15.040
2021-11-28 07:21:26,-11,15380,-267,-0.0007151066922802886,152,+1.8290,+14.989
2021-11-28 08:21:26,-13,15373,-259,-0.0008455182656837526,146,+1.8306,+14.890
2021-11-28 09:18:05,-16,15379,-264,-0.0010402261073723276,152,+1.8296,+14.956
2021-11-28 10:18:04,-14,15380,-267,-0.0009101356940131559,143,+1.8304,+14.890
2021-11-28 11:24:49,-14,15371,-262,-0.0009106735299580946,149,+1.8302,+14.866
2021-11-28 12:18:06,-11,15374,-273,-0.0007153807905388063,155,+1.8284,+14.870
2021-11-28 13:18:04,-11,15373,-260,-0.0007154377955654064,154,+1.8304,+14.892
2021-11-28 14:18:06,-12,15372,-263,-0.0007805257374211164,155,+1.8291,+14.874
2021-11-28 15:18:05,-13,15373,-266,-0.0008455116935777177,152,+1.8297,+14.870
2021-11-28 16:18:06,-14,15371,-264,-0.0009106715031325788,152,+1.8291,+14.904
2021-11-28 17:21:27,-18,15369,-257,-0.0011710245091839054,154,+1.8289,+14.929
2021-11-28 18:18:05,-21,15373,-257,-0.0013658396558856726,146,+1.8286,+14.900
2021-11-28 19:21:28,-18,15371,-262,-0.0011708657557084209,158,+1.8280,+14.922
2021-11-28 20:18:05,-19,15376,-264,-0.001235509260782509,158,+1.8280,+14.930
2021-11-28 21:21:29,-18,15379,-267,-0.0011702503188276254,149,+1.8288,+14.888
2021-11-28 22:19:47,-15,15372,-265,-0.0009756548809052828,152,+1.8302,+14.887
2021-11-28 23:18:07,-13,15374,-267,-0.0008454557608753008,150,+1.8297,+14.853
2021-11-29 00:19:47,-15,15379,-264,-0.0009752120182561956,155,+1.8286,+14.861
2021-11-29 01:18:07,-16,15376,-267,-0.0010404255010294276,152,+1.8274,+14.803
2021-11-29 02:18:08,-14,15372,-270,-0.0009106061067401978,147,+1.8278,+14.759
2021-11-29 03:18:06,-12,15375,-268,-0.0007803691033057651,150,+1.8276,+14.778
2021-11-29 04:18:06,-12,15381,-270,-0.0007800630069368107,157,+1.8291,+14.761
2021-11-29 05:23:10,-12,15374,-269,-0.0007804189606115098,154,+1.8288,+14.680
2021-11-29 06:18:06,-8,15373,-261,-0.000520317865224939,146,+1.8279,+14.709
2021-11-29 07:18:06,-9,15375,-268,-0.0005852768794571702,146,+1.8269,+14.589
2021-11-29 08:18:08,-9,15374,-273,-0.000585311588903068,143,+1.8305,+14.634
2021-11-29 09:19:49,-12,15371,-266,-0.0007805738808832703,146,+1.8293,+14.568
2021-11-29 10:23:11,-12,15369,-264,-0.0007806771792933775,149,+1.8282,+14.520
2021-11-29 11:19:48,-8,15373,-261,-0.000520317865224939,143,+1.8302,+14.552
2021-11-29 12:21:29,-12,15366,-272,-0.0007808224627101146,150,+1.8299,+14.689
2021-11-29 13:24:53,-11,15379,-269,-0.0007151515569363301,150,+1.8286,+14.663
2021-11-29 14:18:07,-14,15377,-262,-0.0009103182947330039,146,+1.8298,+14.741
2021-11-29 15:19:48,-15,15379,-261,-0.0009752152643969496,144,+1.8289,+14.731
2021-11-29 16:18:07,-7,15378,-264,-0.0004551286401466943,152,+1.8266,+14.714
2021-11-29 17:18:09,-18,15380,-264,-0.001170178191802909,146,+1.8280,+14.759
2021-11-29 18:19:50,-17,15381,-262,-0.00110509897149206,144,+1.8272,+14.820
2021-11-29 19:19:49,-17,15375,-260,-0.0011055325446458317,155,+1.8273,+14.744
2021-11-29 20:21:30,-11,15375,-264,-0.0007153415866880679,149,+1.8283,+14.830
2021-11-29 21:19:49,-12,15377,-258,-0.0007802763121798272,150,+1.8294,+14.761
2021-11-29 22:19:49,-13,15379,-258,-0.000845189410361845,154,+1.8292,+14.817
2021-11-29 23:18:08,-11,15378,-254,-0.0007152099070699969,147,+1.8285,+14.809
2021-11-30 00:18:09,-15,15378,-249,-0.0009752912786996175,152,+1.8292,+14.780
2021-11-30 01:19:49,-12,15379,-267,-0.0007801670770753919,146,+1.8270,+14.848
2021-11-30 02:21:32,-13,15375,-273,-0.0008453949967111696,152,+1.8297,+14.832
2021-11-30 03:18:08,-9,15378,-267,-0.0005851633977786274,150,+1.8298,+14.756
2021-11-30 04:23:12,-18,15378,-259,-0.0011703368042623417,147,+1.8288,+14.683
2021-11-30 05:18:09,-16,15379,-262,-0.0010402284201318373,152,+1.8295,+14.704
2021-11-30 06:19:51,-22,15379,-260,-0.0014303167740854319,144,+1.8289,+14.757
2021-11-30 07:19:51,-25,15381,-260,-0.001625148361982153,146,+1.8285,+14.783
2021-11-30 08:21:31,-23,15375,-261,-0.001495718347747728,146,+1.8292,+14.788
2021-11-30 09:19:51,-25,15381,-261,-0.0016251465729998826,157,+1.8292,+14.848
2021-11-30 10:18:10,-27,15380,-256,-0.001755281716405007,152,+1.8294,+14.761
2021-11-30 11:21:33,-34,15378,-257,-0.002210638416249278,152,+1.8285,+14.832
2021-11-30 12:18:09,-35,15377,-254,-0.0022758122964161237,149,+1.8297,+14.862
2021-11-30 13:21:33,-39,15381,-257,-0.002535236553173261,158,+1.8284,+14.917
2021-11-30 14:18:10,-41,15381,-267,-0.002665218575458082,150,+1.8267,+14.963
2021-11-30 15:19:51,-41,15383,-278,-0.002664838421437125,160,+1.8285,+14.985
2021-11-30 16:19:51,-46,15382,-269,-0.0029900422881885434,163,+1.8286,+15.042
2021-11-30 17:18:11,-50,15377,-265,-0.003251115344510695,160,+1.8288,+15.037
2021-11-30 18:26:37,-50,15384,-268,-0.0032496255027936157,149,+1.8310,+15.147
2021-11-30 19:18:10,-51,15381,-268,-0.0033152638428970704,154,+1.8300,+15.132
2021-11-30 20:19:51,-55,15375,-270,-0.003576669060187728,158,+1.8286,+15.244
2021-11-30 21:19:52,-65,15373,-269,-0.004227519939378981,150,+1.8284,+15.231
2021-11-30 22:19:52,-59,15376,-269,-0.0038365429004570874,158,+1.8296,+15.328
2021-11-30 23:23:15,-57,15370,-274,-0.0037079169606798086,162,+1.8283,+15.317
2021-12-01 00:19:52,-68,15375,-278,-0.004422012606916067,165,+1.8312,+15.367
2021-12-01 01:18:12,-66,15374,-272,-0.004292264062743364,155,+1.8287,+15.341
2021-12-01 02:19:53,-61,15374,-270,-0.003967105188405141,150,+1.8271,+15.296
2021-12-01 03:19:52,-69,15371,-270,-0.004488250230509928,158,+1.8295,+15.395
2021-12-01 04:18:12,-69,15372,-266,-0.004487978702620288,155,+1.8290,+15.393
2021-12-01 05:19:52,-68,15373,-279,-0.004422582497367148,165,+1.8293,+15.438
2021-12-01 06:18:12,-65,15375,-268,-0.004226974992538593,162,+1.8300,+15.449
2021-12-01 07:18:11,-71,15371,-271,-0.004618337330520778,163,+1.8289,+15.445
2021-12-01 08:18:13,-64,15371,-264,-0.004163046829417812,162,+1.8287,+15.464
2021-12-01 09:19:54,-68,15376,-268,-0.0044217761547618905,154,+1.8297,+15.388
2021-12-01 10:19:54,-67,15370,-262,-0.004358480399725043,157,+1.8280,+15.325
2021-12-01 11:18:12,-68,15369,-266,-0.004423799466636669,152,+1.8303,+15.335
2021-12-01 12:19:53,-67,15364,-275,-0.004360117518722155,154,+1.8317,+15.356
2021-12-01 13:21:35,-66,15365,-265,-0.004294811605236457,157,+1.8304,+15.202
2021-12-01 14:21:35,-63,15362,-265,-0.004100395486113454,152,+1.8313,+15.236
2021-12-01 15:19:54,-62,15361,-269,-0.004035554913157666,155,+1.8287,+15.134
2021-12-01 16:19:53,-63,15366,-270,-0.004099305207258761,158,+1.8283,+15.168
2021-12-01 17:18:13,-60,15366,-269,-0.0039041066852373817,154,+1.8274,+15.176
2021-12-01 18:19:55,-61,15365,-267,-0.003969441705346542,155,+1.8306,+15.244
2021-12-01 19:19:55,-64,15365,-259,-0.00416469505024716,154,+1.8301,+15.147
2021-12-01 20:18:13,-62,15368,-268,-0.004033721917890951,158,+1.8297,+15.063
2021-12-01 21:18:13,-62,15361,-266,-0.004035568633775273,163,+1.8302,+15.082
2021-12-01 22:21:36,-60,15362,-272,-0.0039051095012385263,154,+1.8294,+15.132
2021-12-01 23:19:55,-51,15357,-263,-0.0033204620250533346,157,+1.8284,+15.095
2021-12-02 00:18:15,-60,15366,-259,-0.0039041503241316975,158,+1.8289,+15.099
2021-12-02 01:18:14,-57,15369,-260,-0.003708216805694487,160,+1.8290,+15.040
2021-12-02 02:19:55,-58,15359,-267,-0.003775699105999093,157,+1.8281,+15.029
2021-12-02 03:19:55,-56,15347,-267,-0.003648353334084904,152,+1.8281,+15.006
2021-12-02 04:19:55,-52,15359,-265,-0.0033851203310647673,155,+1.8289,+14.963
2021-12-02 05:21:36,-41,15357,-258,-0.002669409248250112,146,+1.8276,+14.963
2021-12-02 06:19:56,-47,15356,-276,-0.0030601890862865504,152,+1.8282,+14.904
2021-12-02 07:18:15,-49,15357,-254,-0.0031902801918762044,154,+1.8275,+14.856
2021-12-02 08:19:55,-34,15360,-262,-0.0022132161069255223,150,+1.8277,+14.838
2021-12-02 09:21:38,-38,15359,-269,-0.002473734987268407,152,+1.8297,+14.832
2021-12-02 10:19:57,-40,15367,-267,-0.002602581722447584,154,+1.8302,+14.888
2021-12-02 11:19:56,-43,15359,-264,-0.0027992406384469725,157,+1.8279,+14.816
2021-12-02 12:18:14,-43,15360,-263,-0.002799061576209748,155,+1.8296,+14.807
2021-12-02 13:24:59,-48,15350,-263,-0.0031265667597184764,149,+1.8301,+14.811
2021-12-02 14:18:15,-45,15361,-249,-0.002929103598766942,154,+1.8304,+14.880
2021-12-02 15:18:15,-44,15361,-263,-0.0028639692788526225,152,+1.8295,+14.877
2021-12-02 16:19:56,-48,15354,-254,-0.003125783314026028,154,+1.8280,+14.943
2021-12-02 17:19:56,-51,15353,-264,-0.003321323151133509,152,+1.8286,+14.908
2021-12-02 18:21:38,-48,15354,-264,-0.003125748983003413,152,+1.8271,+14.927
2021-12-02 19:18:15,-42,15360,-248,-0.0027340118482805293,154,+1.8289,+14.913
2021-12-02 20:18:17,-40,15359,-261,-0.0026039543860361344,154,+1.8280,+14.901
2021-12-02 21:19:56,-41,15362,-259,-0.0026685377399920654,155,+1.8282,+14.906
2021-12-02 22:21:38,-36,15358,-258,-0.0023437202379833068,157,+1.8276,+14.935
2021-12-02 23:21:38,-43,15362,-261,-0.0027987034836643664,155,+1.8296,+14.932
2021-12-03 00:21:38,-39,15367,-256,-0.0025375483631020165,149,+1.8296,+14.948
2021-12-03 01:19:57,-39,15368,-264,-0.002537360950468772,152,+1.8305,+14.925
2021-12-03 02:21:38,-38,15365,-257,-0.002472802345766238,158,+1.8275,+14.904
2021-12-03 03:21:39,-42,15361,-261,-0.002733795590311007,150,+1.8282,+14.875
2021-12-03 04:19:58,-47,15362,-264,-0.0030590362337763297,152,+1.8293,+14.877
2021-12-03 05:21:39,-37,15361,-262,-0.002408342409557954,152,+1.8291,+14.885
2021-12-03 06:18:16,-34,15367,-252,-0.002212232304705817,158,+1.8272,+14.851
2021-12-03 07:18:16,-35,15367,-260,-0.002277277994414014,149,+1.8286,+14.877
2021-12-03 08:19:58,-36,15367,-260,-0.0023423428452849166,154,+1.8287,+14.778
2021-12-03 09:23:20,-34,15368,-255,-0.0022120812722118757,150,+1.8283,+14.798
2021-12-03 10:21:41,-29,15362,-255,-0.0018875127625974035,146,+1.8283,+14.825
2021-12-03 11:21:41,-32,15372,-261,-0.0020814039976609195,154,+1.8267,+14.786
2021-12-03 12:19:59,-33,15361,-255,-0.0021479983848561794,144,+1.8287,+14.803
2021-12-03 13:25:02,-32,15367,-254,-0.002082096920304359,152,+1.8270,+14.697
2021-12-03 14:18:18,-36,15366,-260,-0.0023424952378317465,154,+1.8290,+14.655
2021-12-03 15:26:44,-40,15362,-262,-0.0026034431324566966,157,+1.8285,+14.639
2021-12-03 16:18:17,-35,15366,-261,-0.0022774236419704857,149,+1.8293,+14.689
2021-12-03 17:18:19,-34,15369,-261,-0.00221192288895426,154,+1.8290,+14.683
2021-12-03 18:20:00,-33,15368,-267,-0.0021469917974425673,152,+1.8285,+14.596
2021-12-03 19:18:18,-33,15375,-257,-0.002146038381188461,152,+1.8267,+14.620
2021-12-03 20:18:19,-34,15372,-255,-0.0022115058193300954,155,+1.8279,+14.644
2021-12-03 21:18:18,-35,15369,-258,-0.0022769867252900294,144,+1.8272,+14.665
2021-12-03 22:18:18,-37,15365,-258,-0.0024077262293165165,152,+1.8283,+14.652
2021-12-03 23:20:00,-34,15365,-259,-0.002212503427002787,152,+1.8283,+14.639
2021-12-04 00:18:18,-34,15365,-263,-0.0022124936458140115,149,+1.8281,+14.652
2021-12-04 01:20:01,-38,15374,-259,-0.0024713497742780495,150,+1.8287,+14.620
2021-12-04 02:20:01,-43,15363,-263,-0.002798515154255704,149,+1.8267,+14.604
2021-12-04 03:18:20,-41,15365,-262,-0.002668008032040478,147,+1.8276,+14.623
2021-12-04 04:21:42,-37,15368,-258,-0.002407256349346924,149,+1.8291,+14.770
2021-12-04 05:20:01,-34,15365,-263,-0.0022124936458140115,152,+1.8290,+14.663
2021-12-04 06:20:01,-42,15373,-256,-0.0027316771797799193,154,+1.8279,+14.691
2021-12-04 07:20:02,-41,15362,-264,-0.0026685229594478974,152,+1.8292,+14.672
2021-12-04 08:20:01,-38,15366,-263,-0.0024726251326597968,149,+1.8304,+14.689
2021-12-04 09:20:02,-42,15365,-259,-0.0027330901230954857,147,+1.8288,+14.652
2021-12-04 10:18:19,-36,15367,-262,-0.002342337669032465,152,+1.8284,+14.739
2021-12-04 11:18:21,-37,15364,-260,-0.0024078776143369855,152,+1.8294,+14.756
2021-12-04 12:20:01,-50,15362,-270,-0.0032542704439914062,147,+1.8275,+14.686
2021-12-04 13:20:01,-42,15365,-258,-0.002733093114840238,150,+1.8279,+14.670
2021-12-04 14:26:46,-41,15373,-263,-0.0026666170684192126,155,+1.8275,+14.746
2021-12-04 15:23:23,-46,15372,-263,-0.0029920070060935264,149,+1.8282,+14.712
2021-12-04 16:18:20,-44,15367,-270,-0.0028628287750890823,158,+1.8292,+14.631
2021-12-04 17:21:44,-37,15363,-264,-0.0024080236119644652,157,+1.8276,+14.623
2021-12-04 18:23:25,-38,15366,-264,-0.0024726223740673845,149,+1.8282,+14.581
2021-12-04 19:25:07,-42,15366,-269,-0.002732881760961275,150,+1.8289,+14.566
2021-12-04 20:18:20,-34,15363,-255,-0.002212801009529972,152,+1.8282,+14.583
2021-12-04 21:18:20,-42,15366,-270,-0.002732878642631999,152,+1.8280,+14.608
2021-12-04 22:18:20,-39,15366,-263,-0.0025376939393215513,150,+1.8285,+14.597
2021-12-04 23:18:20,-39,15364,-264,-0.002538021351719846,154,+1.8273,+14.565
2021-12-05 00:21:43,-38,15368,-253,-0.002472330439466314,155,+1.8276,+14.608
2021-12-05 01:26:47,-38,15367,-262,-0.002472467023160202,152,+1.8285,+14.646
2021-12-05 02:18:21,-36,15370,-260,-0.0023418857865719284,149,+1.8312,+14.625
2021-12-05 03:20:02,-41,15363,-264,-0.0026683493135127223,154,+1.8287,+14.615
2021-12-05 04:20:02,-40,15366,-266,-0.002602753980124949,147,+1.8257,+14.524
2021-12-05 05:21:44,-37,15367,-260,-0.002407407676323477,154,+1.8271,+14.586
2021-12-05 06:18:21,-45,15369,-271,-0.002927508453193561,154,+1.8289,+14.573
2021-12-05 07:23:27,-41,15362,-259,-0.0026685377399920654,147,+1.8276,+14.594
2021-12-05 08:20:03,-46,15369,-267,-0.002992577440346602,150,+1.8295,+14.484
2021-12-05 09:21:44,-42,15360,-266,-0.0027339582568370276,146,+1.8259,+14.477
2021-12-05 10:18:22,-44,15363,-263,-0.0028635965502844265,152,+1.8286,+14.520
2021-12-05 11:18:22,-45,15364,-271,-0.002928460868366838,149,+1.8280,+14.532
2021-12-05 12:18:22,-44,15364,-258,-0.0028634260176304397,146,+1.8288,+14.474
2021-12-05 13:21:45,-46,15367,-264,-0.0029929768935263268,146,+1.8288,+14.474
2021-12-05 14:18:24,-41,15360,-266,-0.0026688643254994906,150,+1.8273,+14.531
2021-12-05 15:18:22,-38,15368,-264,-0.0024723006818769674,149,+1.8278,+14.568
2021-12-05 16:18:22,-42,15367,-264,-0.0027327193906167566,149,+1.8294,+14.599
2021-12-05 17:21:46,-39,15359,-267,-0.0025388387671195483,155,+1.8285,+14.617
2021-12-05 18:21:45,-45,15366,-267,-0.0029280931674359897,147,+1.8289,+14.566
2021-12-05 19:20:04,-47,15368,-261,-0.0030578524726458047,147,+1.8285,+14.587
2021-12-05 20:21:46,-43,15364,-259,-0.0027983454337088287,152,+1.8286,+14.529
2021-12-05 21:21:46,-44,15360,-264,-0.0028641524816232257,139,+1.8278,+14.596
2021-12-05 22:18:23,-43,15360,-262,-0.002799064689577903,143,+1.8286,+14.542
2021-12-05 23:20:06,-42,15365,-265,-0.002733071929795417,143,+1.8292,+14.604
2021-12-06 00:20:05,-43,15364,-257,-0.002798351549014714,139,+1.8282,+14.560
2021-12-06 01:18:24,-41,15372,-260,-0.00266679934022731,147,+1.8270,+14.508
2021-12-06 02:18:25,-45,15365,-258,-0.0029283129728013627,154,+1.8277,+14.481
2021-12-06 03:25:08,-49,15359,-269,-0.003189811855643074,147,+1.8286,+14.544
2021-12-06 04:18:24,-37,15360,-261,-0.0024085018252265242,160,+1.8284,+14.545
2021-12-06 05:20:05,-35,15355,-268,-0.002279036772292081,152,+1.8271,+14.545
2021-12-06 06:21:47,-45,15366,-260,-0.002928116034657202,147,+1.8289,+14.536
2021-12-06 07:20:05,-40,15361,-264,-0.00260360676415406,152,+1.8288,+14.490
2021-12-06 08:18:25,-42,15365,-261,-0.0027330841049153,149,+1.8288,+14.505
2021-12-06 09:18:26,-43,15361,-269,-0.002798860486495016,152,+1.8288,+14.477
2021-12-06 10:23:28,-45,15358,-265,-0.002929624550838875,158,+1.8289,+14.552
2021-12-06 11:20:06,-43,15365,-266,-0.002798141589420438,154,+1.8296,+14.613
2021-12-06 12:20:06,-38,15365,-265,-0.002472780481960834,150,+1.8296,+14.563
2021-12-06 13:20:07,-47,15359,-260,-0.0030596471491625516,152,+1.8276,+14.571
2021-12-06 14:18:25,-47,15358,-259,-0.003059849677993814,155,+1.8303,+14.591
2021-12-06 15:21:49,-41,15363,-267,-0.002668340311410996,162,+1.8283,+14.634
2021-12-06 16:18:25,-44,15357,-269,-0.0028646956465012805,152,+1.8274,+14.625
2021-12-06 17:18:27,-40,15360,-264,-0.002603776218979621,155,+1.8294,+14.581
2021-12-06 18:18:26,-41,15361,-252,-0.002668731633732972,154,+1.8285,+14.592
2021-12-06 19:18:25,-42,15362,-267,-0.002733599341444761,147,+1.8280,+14.602
2021-12-06 20:21:48,-40,15366,-261,-0.002602768499022239,144,+1.8273,+14.563
2021-12-06 21:20:07,-43,15366,-267,-0.002797956388314354,150,+1.8281,+14.612
2021-12-06 22:20:08,-39,15371,-257,-0.002536885448743576,152,+1.8273,+14.573
2021-12-06 23:18:26,-41,15362,-256,-0.0026685464727808084,160,+1.8269,+14.552
2021-12-07 00:18:28,-38,15370,-254,-0.0024720061674280243,154,+1.8264,+14.531
2021-12-07 01:18:27,-39,15365,-253,-0.002537886777747196,154,+1.8277,+14.518
2021-12-07 02:21:49,-41,15358,-249,-0.0026692612977035823,146,+1.8292,+14.476
2021-12-07 03:20:08,-36,15366,-257,-0.0023425029294033895,149,+1.8289,+14.579
2021-12-07 04:18:28,-42,15366,-258,-0.002732915299585617,147,+1.8288,+14.466
2021-12-07 05:18:27,-36,15364,-259,-0.0023428026571843115,150,+1.8277,+14.476
2021-12-07 06:20:09,-45,15366,-259,-0.002928119251856009,152,+1.8272,+14.455
2021-12-07 07:18:28,-36,15368,-261,-0.0023421878898935797,152,+1.8298,+14.596
2021-12-07 08:20:08,-40,15358,-258,-0.002604132479297018,149,+1.8284,+14.550
2021-12-07 09:18:27,-37,15365,-258,-0.0024077262293165165,154,+1.8295,+14.534
2021-12-07 10:20:08,-34,15364,-261,-0.0022126425184891933,147,+1.8288,+14.502
2021-12-07 11:18:27,-36,15361,-262,-0.002343252315740176,152,+1.8284,+14.545
2021-12-07 12:18:27,-40,15367,-261,-0.0026025991747483735,154,+1.8289,+14.560
2021-12-07 13:23:32,-38,15366,-258,-0.002472638768721856,154,+1.8287,+14.562
2021-12-07 14:21:49,-40,15368,-262,-0.0026024269918666926,155,+1.8276,+14.612
2021-12-07 15:18:27,-43,15366,-260,-0.0027979782392309072,155,+1.8281,+14.660
2021-12-07 16:20:10,-40,15371,-259,-0.002601927822769492,158,+1.8290,+14.642
2021-12-07 17:20:10,-34,15370,-263,-0.0022117741146792666,147,+1.8296,+14.636
2021-12-07 18:20:09,-41,15372,-257,-0.0026668080898080487,155,+1.8301,+14.599
2021-12-07 19:18:28,-45,15371,-257,-0.002927173436985396,143,+1.8297,+14.673
2021-12-07 20:20:10,-44,15367,-267,-0.002862838537307821,143,+1.8290,+14.689
2021-12-07 21:18:29,-43,15373,-265,-0.002796689040887728,154,+1.8290,+14.688
2021-12-07 22:18:30,-44,15364,-261,-0.0028634165768256807,154,+1.8284,+14.699
2021-12-07 23:25:15,-45,15371,-259,-0.0029271670459883317,152,+1.8300,+14.714
2021-12-08 00:18:30,-41,15373,-252,-0.0026666490199724075,160,+1.8293,+14.710
2021-12-08 01:18:29,-40,15374,-261,-0.0026014145213264215,160,+1.8278,+14.621
2021-12-08 02:21:51,-35,15369,-258,-0.0022769867252900294,147,+1.8301,+14.644
2021-12-08 03:20:10,-44,15368,-257,-0.0028626840563055755,147,+1.8291,+14.702
2021-12-08 04:18:30,-42,15372,-263,-0.0027318338399024075,144,+1.8293,+14.709
2021-12-08 05:20:10,-41,15374,-262,-0.002666446630659416,157,+1.8291,+14.728
2021-12-08 06:18:30,-41,15371,-256,-0.002666984431115061,147,+1.8279,+14.676
2021-12-08 07:18:29,-43,15372,-257,-0.002796895626668206,154,+1.8268,+14.694
2021-12-08 08:21:51,-44,15365,-254,-0.0028632521265609034,154,+1.8286,+14.667
2021-12-08 09:18:30,-46,15369,-263,-0.002992590865811006,147,+1.8288,+14.699
2021-12-08 10:18:29,-46,15364,-267,-0.0029935510332316567,155,+1.8288,+14.691
2021-12-08 11:18:29,-44,15364,-265,-0.002863403819457517,150,+1.8285,+14.757
2021-12-08 12:20:11,-43,15369,-260,-0.0027974322382470257,154,+1.8286,+14.709
2021-12-08 13:20:11,-50,15368,-267,-0.0032530113986698793,152,+1.8292,+14.775
2021-12-08 14:20:13,-48,15366,-253,-0.003123346284702408,157,+1.8284,+14.714
2021-12-08 15:20:12,-46,15369,-264,-0.002992587528426328,154,+1.8297,+14.714
2021-12-08 16:20:11,-47,15368,-252,-0.0030578823533009497,149,+1.8279,+14.697
2021-12-08 17:18:30,-49,15372,-267,-0.0031871223241909646,166,+1.8276,+14.754
2021-12-08 18:18:30,-48,15377,-264,-0.003121075083078494,146,+1.8295,+14.697
2021-12-08 19:20:11,-43,15375,-259,-0.0027963439440413106,160,+1.8287,+14.596
2021-12-08 20:23:34,-41,15363,-258,-0.0026683670128258494,150,+1.8281,+14.644
2021-12-08 21:20:12,-46,15358,-257,-0.002994753436454097,150,+1.8291,+14.563
2021-12-08 22:20:12,-40,15371,-263,-0.0026019163289764313,154,+1.8276,+14.613
2021-12-08 23:20:12,-46,15373,-255,-0.0029918386598353497,144,+1.8292,+14.623
2021-12-09 00:20:13,-46,15374,-258,-0.0029916343738330842,149,+1.8274,+14.642
2021-12-09 01:23:34,-44,15371,-258,-0.002862122379223516,146,+1.8276,+14.608
2021-12-09 02:18:32,-38,15371,-260,-0.002471829261394698,146,+1.8294,+14.596
2021-12-09 03:18:33,-40,15371,-261,-0.0026019220978726826,152,+1.8282,+14.553
2021-12-09 04:20:13,-42,15374,-268,-0.002731463225552999,157,+1.8293,+14.565
2021-12-09 05:18:33,-34,15368,-257,-0.0022120764780361136,143,+1.8285,+14.615
2021-12-09 06:18:32,-40,15369,-258,-0.002602269166465809,154,+1.8282,+14.553
2021-12-09 07:21:54,-43,15370,-260,-0.00279725028526345,152,+1.8274,+14.476
2021-12-09 08:20:14,-43,15371,-256,-0.0027970805698587353,143,+1.8295,+14.503
2021-12-09 09:20:14,-33,15366,-259,-0.0021472902879575593,141,+1.8285,+14.437
2021-12-09 10:20:14,-39,15367,-266,-0.0025375203250988837,150,+1.8281,+14.453
2021-12-09 11:18:33,-39,15368,-250,-0.002537399595051482,154,+1.8290,+14.507
2021-12-09 12:18:32,-39,15368,-261,-0.002537369408519305,154,+1.8277,+14.549
2021-12-09 13:21:55,-45,15363,-254,-0.0029287067822518866,143,+1.8297,+14.532
2021-12-09 14:18:34,-43,15363,-262,-0.0027985182658008733,150,+1.8280,+14.568
2021-12-09 15:20:15,-45,15373,-262,-0.0029267766614662484,146,+1.8298,+14.583
2021-12-09 16:18:34,-45,15362,-259,-0.002928881462644534,154,+1.8290,+14.508
2021-12-09 17:18:33,-44,15366,-258,-0.002863053428367614,146,+1.8282,+14.576
2021-12-09 18:28:40,-48,15362,-256,-0.003124149219736639,155,+1.8276,+14.644
2021-12-09 19:18:34,-47,15362,-259,-0.0030590531772890627,154,+1.8281,+14.654
2021-12-09 20:23:37,-47,15368,-260,-0.003057855844449767,149,+1.8267,+14.586
2021-12-09 21:21:57,-46,15373,-259,-0.0029918256494809265,154,+1.8283,+14.631
2021-12-09 22:25:18,-54,15374,-251,-0.0035119411144433794,149,+1.8279,+14.670
2021-12-09 23:20:14,-48,15366,-262,-0.00312331563746822,154,+1.8274,+14.617
2021-12-10 00:18:33,-48,15372,-263,-0.0031220934394933114,157,+1.8276,+14.587
2021-12-10 01:18:34,-49,15364,-262,-0.0031887991994164555,149,+1.8294,+14.578
2021-12-10 02:21:56,-55,15368,-257,-0.003578349572066809,149,+1.8292,+14.623
2021-12-10 03:20:15,-44,15366,-263,-0.002863037639276016,158,+1.8287,+14.596
2021-12-10 04:18:35,-49,15364,-262,-0.0031887991994164555,152,+1.8291,+14.552
2021-12-10 05:20:15,-44,15366,-256,-0.0028630596592211337,147,+1.8279,+14.508
2021-12-10 06:18:34,-47,15361,-256,-0.0030592622762831865,152,+1.8275,+14.529
2021-12-10 07:21:58,-48,15361,-264,-0.0031243250107272245,157,+1.8273,+14.524
2021-12-10 08:21:58,-47,15369,-263,-0.0030576467878119505,157,+1.8280,+14.576
2021-12-10 09:20:17,-48,15362,-257,-0.0031241458250515406,149,+1.8286,+14.516
2021-12-10 10:21:58,-45,15368,-273,-0.002927692145249372,147,+1.8266,+14.492
2021-12-10 11:20:16,-48,15365,-261,-0.0031235223105279234,146,+1.8270,+14.479
2021-12-10 12:18:34,-44,15367,-264,-0.002862848190549691,152,+1.8283,+14.481
2021-12-10 13:18:36,-49,15363,-265,-0.003188996023632224,155,+1.8280,+14.431
2021-12-10 14:21:58,-40,15364,-259,-0.0026031129463890508,152,+1.8287,+14.432
2021-12-10 15:21:58,-42,15364,-262,-0.0027332589145220476,154,+1.8287,+14.418
2021-12-10 16:18:35,-43,15368,-261,-0.0027976111300530913,152,+1.8275,+14.490
2021-12-10 17:25:21,-47,15363,-263,-0.0030588405906168594,147,+1.8272,+14.445
2021-12-10 18:18:35,-48,15369,-253,-0.0031227367825081387,152,+1.8289,+14.427
2021-12-10 19:21:59,-47,15364,-260,-0.003058651720900166,141,+1.8269,+14.395
2021-12-10 20:20:16,-46,15362,-260,-0.002993964041390066,152,+1.8280,+14.393
2021-12-10 21:18:35,-45,15358,-253,-0.0029296631431212105,144,+1.8286,+14.368
2021-12-10 22:18:36,-44,15360,-264,-0.0028641524816232257,147,+1.8284,+14.361
2021-12-10 23:21:59,-41,15365,-260,-0.0026680139295089467,138,+1.8275,+14.377
2021-12-11 00:18:37,-44,15372,-255,-0.0028619455592413297,152,+1.8278,+14.382
2021-12-11 01:18:37,-46,15363,-258,-0.0029937757854503993,144,+1.8291,+14.364
2021-12-11 02:18:38,-48,15374,-258,-0.0031217046061394666,147,+1.8277,+14.361
2021-12-11 03:20:18,-46,15365,-253,-0.0029934024032851813,154,+1.8284,+14.359
2021-12-11 04:21:59,-51,15364,-258,-0.0033189679500940012,147,+1.8272,+14.330
2021-12-11 05:18:36,-52,15371,-255,-0.0033825156157604114,154,+1.8271,+14.358
2021-12-11 06:20:19,-44,15365,-254,-0.0028632521265609034,146,+1.8285,+14.287
2021-12-11 07:18:36,-49,15365,-254,-0.0031886195935030494,152,+1.8283,+14.285
2021-12-11 08:20:19,-48,15363,-258,-0.003123939120831626,154,+1.8270,+14.313
2021-12-11 09:18:38,-48,15366,-259,-0.003123325972130517,149,+1.8270,+14.319
2021-12-11 10:23:41,-50,15361,-252,-0.0032545470084580524,155,+1.8282,+14.382
2021-12-11 11:18:37,-48,15365,-247,-0.0031235693457202472,154,+1.8289,+14.419
2021-12-11 12:20:20,-29,15355,-246,-0.001888391050018899,139,+1.8260,+13.670
2021-12-11 13:20:20,-29,15364,-257,-0.0018872630325965103,144,+1.8289,+13.941
2021-12-11 14:20:20,-41,15364,-248,-0.0026682219758682253,138,+1.8267,+14.104
2021-12-11 15:20:20,-42,15362,-253,-0.002733641493371568,149,+1.8270,+14.303
2021-12-11 16:20:19,-41,15362,-250,-0.0026685636333843767,141,+1.8284,+14.342
2021-12-11 17:20:19,-41,15367,-257,-0.0026676755492582834,149,+1.8277,+14.306
2021-12-11 18:18:39,-43,15368,-257,-0.002797623398447866,143,+1.8280,+14.364
2021-12-11 19:22:00,-47,15361,-249,-0.003059285185947166,144,+1.8279,+14.332
2021-12-11 20:23:41,-51,15364,-258,-0.0033189679500940012,147,+1.8282,+14.356
2021-12-11 21:20:21,-49,15366,-248,-0.003188432471308032,146,+1.8277,+14.327
2021-12-11 22:20:21,-46,15364,-255,-0.002993590740931451,152,+1.8269,+14.385
2021-12-11 23:20:21,-49,15365,-255,-0.0031886161571082284,149,+1.8293,+14.372
2021-12-12 00:20:20,-52,15368,-262,-0.003383149819494274,147,+1.8278,+14.392
2021-12-12 01:18:39,-52,15367,-251,-0.003383410324448169,150,+1.8285,+14.471
2021-12-12 02:22:03,-47,15368,-251,-0.0030578856087078903,141,+1.8275,+14.337
2021-12-12 03:18:39,-54,15365,-254,-0.003513986385324356,150,+1.8274,+14.429
2021-12-12 04:18:39,-56,15368,-257,-0.003643409902754811,152,+1.8268,+14.366
2021-12-12 05:22:02,-61,15362,-253,-0.003970277863924351,147,+1.8260,+14.398
2021-12-12 06:18:39,-61,15365,-261,-0.003969468330257361,141,+1.8276,+14.427
2021-12-12 07:20:22,-59,15364,-263,-0.0038395644238639654,150,+1.8294,+14.434
2021-12-12 08:20:20,-59,15362,-256,-0.0038400937003009845,146,+1.8283,+14.419
2021-12-12 09:18:39,-58,15356,-257,-0.0037764784562263937,147,+1.8284,+14.494
2021-12-12 10:20:22,-56,15360,-257,-0.0036453069643247165,155,+1.8288,+14.458
2021-12-12 11:22:04,-58,15369,-244,-0.003773337020456421,147,+1.8261,+14.469
2021-12-12 12:20:21,-68,15361,-249,-0.004426184747298362,149,+1.8261,+14.518
2021-12-12 13:18:40,-59,15365,-252,-0.0038393606597656176,141,+1.8280,+14.532
2021-12-12 14:18:40,-67,15369,-252,-0.0043588113139823295,141,+1.8288,+14.523
2021-12-12 15:20:21,-68,15360,-250,-0.0044264681511194705,152,+1.8278,+14.568
2021-12-12 16:20:21,-76,15364,-252,-0.004945922903561181,152,+1.8285,+14.579
2021-12-12 17:28:47,-71,15358,-258,-0.004622312679533541,154,+1.8276,+14.620
2021-12-12 18:20:23,-76,15368,-243,-0.004944682563302804,141,+1.8270,+14.662
2021-12-12 19:20:21,-77,15359,-249,-0.005012646543107494,149,+1.8279,+14.633
2021-12-12 20:20:22,-79,15355,-251,-0.005144171324325639,152,+1.8263,+14.618
2021-12-12 21:18:41,-83,15355,-256,-0.00540460169930506,147,+1.8265,+14.647
2021-12-12 22:22:04,-76,15366,-253,-0.004945274051285524,150,+1.8279,+14.672
2021-12-12 23:22:05,-83,15363,-255,-0.005401794034309537,152,+1.8270,+14.701
2021-12-13 00:22:04,-92,15362,-259,-0.005987880991371221,146,+1.8280,+14.727
2021-12-13 01:18:41,-94,15360,-261,-0.006118831996263845,152,+1.8260,+14.790
2021-12-13 02:18:41,-92,15357,-256,-0.005989849565367772,154,+1.8276,+14.773
2021-12-13 03:18:42,-93,15354,-257,-0.0060561311686582785,146,+1.8274,+14.783
2021-12-13 04:18:41,-92,15361,-255,-0.005988296762914839,154,+1.8288,+14.822
2021-12-13 05:18:43,-92,15360,-250,-0.005988718546405021,157,+1.8291,+14.752
2021-12-13 06:20:24,-100,15358,-258,-0.006510253937760445,146,+1.8279,+14.856
2021-12-13 07:22:05,-96,15356,-257,-0.006250671269992941,154,+1.8276,+14.817
2021-12-13 08:22:05,-104,15354,-263,-0.006772382213140632,155,+1.8285,+14.811
2021-12-13 09:18:42,-95,15354,-256,-0.006186373989652087,155,+1.8287,+14.799
2021-12-13 10:18:42,-93,15356,-249,-0.006055394604333988,150,+1.8287,+14.793
2021-12-13 11:18:42,-94,15353,-263,-0.006121607318160663,150,+1.8282,+14.872
2021-12-13 12:22:06,-95,15354,-255,-0.006186380692400421,150,+1.8292,+14.820
2021-12-13 13:22:05,-100,15349,-261,-0.006514048569006985,144,+1.8281,+14.835
2021-12-13 14:20:23,-99,15350,-256,-0.006448525269215748,150,+1.8302,+14.885
2021-12-13 15:18:42,-98,15354,-258,-0.0063817140353948825,157,+1.8279,+14.864
2021-12-13 16:18:44,-96,15357,-253,-0.00625029139468988,157,+1.8278,+14.930
2021-12-13 17:22:05,-101,15348,-253,-0.006579673125365304,146,+1.8277,+14.874
2021-12-13 18:20:25,-100,15350,-260,-0.0065136315347528164,158,+1.8277,+14.853
2021-12-13 19:18:44,-104,15356,-254,-0.0067715672363298195,152,+1.8277,+14.887
2021-12-13 20:18:44,-104,15351,-247,-0.0067738225328585885,158,+1.8276,+14.951
2021-12-13 21:22:07,-99,15346,-256,-0.0064502055905212696,150,+1.8277,+14.861
2021-12-13 22:20:24,-103,15350,-251,-0.00670910015790998,157,+1.8278,+14.961
2021-12-13 23:22:07,-104,15350,-264,-0.006774138858320914,152,+1.8289,+14.911
2021-12-14 00:18:44,-104,15350,-252,-0.006774227840925681,155,+1.8273,+14.909
2021-12-14 01:20:25,-104,15350,-248,-0.006774256582826314,157,+1.8273,+14.896
2021-12-14 02:23:48,-107,15342,-258,-0.006973219884326726,154,+1.8275,+14.892
2021-12-14 03:22:06,-106,15349,-250,-0.0069049617589586314,149,+1.8294,+14.937
2021-12-14 04:20:26,-110,15343,-258,-0.007168257032483598,147,+1.8284,+14.856
2021-12-14 05:18:45,-108,15346,-246,-0.00703664434268049,147,+1.8278,+14.790
2021-12-14 06:18:45,-108,15347,-249,-0.0070361637979124095,154,+1.8286,+14.843
2021-12-14 07:20:25,-108,15347,-256,-0.007036111012387149,155,+1.8281,+14.869
2021-12-14 08:20:25,-98,15347,-250,-0.006384678996857577,155,+1.8270,+14.824
2021-12-14 09:23:50,-112,15336,-247,-0.007302000919489817,143,+1.8268,+14.849
2021-12-14 10:20:27,-109,15340,-260,-0.007104466319471082,152,+1.8267,+14.809
2021-12-14 11:18:45,-104,15344,-259,-0.0067768245234835186,152,+1.8282,+14.921
2021-12-14 12:23:48,-109,15344,-261,-0.007102607006643198,147,+1.8292,+14.977
2021-12-14 13:18:45,-102,15345,-247,-0.006646157513928142,149,+1.8283,+14.963
2021-12-14 14:20:28,-111,15340,-256,-0.007234850710855871,149,+1.8266,+14.913
2021-12-14 15:20:26,-119,15344,-252,-0.0077542733129133765,149,+1.8290,+14.998
2021-12-14 16:22:09,-114,15347,-253,-0.007427016140491257,158,+1.8270,+14.998
2021-12-14 17:18:47,-122,15351,-251,-0.007946135609622838,154,+1.8276,+14.993
2021-12-14 18:18:46,-121,15342,-253,-0.007885610945257464,150,+1.8273,+15.073
2021-12-14 19:18:45,-122,15340,-257,-0.007951780373341759,150,+1.8263,+15.037
2021-12-14 20:23:49,-119,15349,-261,-0.007751672175770348,154,+1.8267,+14.940
2021-12-14 21:18:46,-117,15350,-246,-0.007621023663456468,149,+1.8276,+14.969
2021-12-14 22:23:49,-126,15341,-252,-0.008211992180119436,152,+1.8274,+15.013
2021-12-14 23:22:09,-121,15351,-253,-0.007880989208423268,157,+1.8278,+15.090
2021-12-15 00:18:46,-120,15352,-246,-0.007815408675540857,154,+1.8268,+15.040
2021-12-15 01:23:51,-129,15342,-252,-0.008406958864555399,150,+1.8295,+15.042
2021-12-15 02:23:51,-128,15340,-259,-0.008342815530193786,158,+1.8292,+15.011
2021-12-15 03:22:09,-134,15339,-253,-0.008734491766671638,154,+1.8273,+15.076
2021-12-15 04:20:27,-128,15342,-241,-0.008341887743046464,154,+1.8282,+15.087
2021-12-15 05:18:47,-127,15345,-249,-0.008275033219543466,154,+1.8282,+15.061
2021-12-15 06:18:46,-125,15343,-254,-0.008145741404950002,147,+1.8276,+15.110
2021-12-15 07:18:47,-121,15342,-241,-0.0078857102160979,152,+1.8283,+15.145
2021-12-15 08:20:30,-132,15345,-253,-0.00860076950622516,157,+1.8281,+15.039
2021-12-15 09:18:49,-124,15348,-257,-0.008077920427401,157,+1.8287,+15.137
2021-12-15 10:18:47,-137,15350,-250,-0.008923661081906112,154,+1.8271,+15.090
2021-12-15 11:22:09,-135,15347,-249,-0.008795123106534134,147,+1.8278,+15.107
2021-12-15 12:20:29,-136,15348,-249,-0.008859691660202954,154,+1.8278,+15.134
2021-12-15 13:22:10,-139,15339,-252,-0.009060397843450793,155,+1.8281,+15.152
2021-12-15 14:18:48,-133,15339,-257,-0.008669274699892114,154,+1.8292,+15.186
2021-12-15 15:20:30,-134,15337,-255,-0.008735611548336806,147,+1.8267,+15.150
2021-12-15 16:20:30,-134,15341,-243,-0.008733445422916764,157,+1.8286,+15.247
2021-12-15 17:20:29,-132,15342,-251,-0.008602469188869661,155,+1.8270,+15.189
2021-12-15 18:20:29,-133,15342,-243,-0.008667708901236887,163,+1.8293,+15.280
2021-12-15 19:27:14,-140,15340,-253,-0.009124972473643063,155,+1.8292,+15.327
2021-12-15 20:20:31,-130,15345,-256,-0.008470433641605116,154,+1.8272,+15.367
2021-12-15 21:18:48,-140,15342,-252,-0.009123793105936898,157,+1.8276,+15.291
2021-12-15 22:18:48,-134,15336,-251,-0.008736218555087336,150,+1.8286,+15.259
2021-12-15 23:18:49,-130,15344,-250,-0.008471040096953986,146,+1.8299,+15.343
2021-12-16 00:20:29,-137,15339,-249,-0.008930067901510205,154,+1.8272,+15.343
2021-12-16 01:20:30,-146,15341,-244,-0.009515489901721698,157,+1.8287,+15.330
2021-12-16 02:20:30,-141,15345,-242,-0.009187259854459144,160,+1.8278,+15.314
2021-12-16 03:18:50,-143,15341,-255,-0.009319868927952786,149,+1.8268,+15.372
2021-12-16 04:22:11,-137,15340,-248,-0.00892949536999034,162,+1.8274,+15.312
2021-12-16 05:27:16,-140,15339,-248,-0.00912561572880177,160,+1.8287,+15.327
2021-12-16 06:18:49,-147,15340,-257,-0.009581152323803473,157,+1.8287,+15.333
2021-12-16 07:20:30,-137,15339,-249,-0.008930067901510205,155,+1.8289,+15.297
2021-12-16 08:18:49,-137,15335,-257,-0.008932319639287138,152,+1.8278,+15.307
2021-12-16 09:22:12,-144,15341,-259,-0.009384998042778153,163,+1.8275,+15.255
2021-12-16 10:18:51,-134,15341,-253,-0.008733353422021495,152,+1.8275,+15.241
2021-12-16 11:20:31,-137,15342,-252,-0.008928293757219163,152,+1.8268,+15.218
