2021-11-11 12:51:13,-816,15596,2324,-0.05170359606946944,65352,0,-10.0181,-18.419,-23.2
2021-11-11 12:53:03,-823,15595,2324,-0.052149596827625766,65356,0,-10.0187,-18.412,-23.2
2021-11-11 12:54:49,-818,15594,2322,-0.05183755253980791,65355,0,-10.0153,-18.424,-23.2
2021-11-11 12:58:17,-823,15592,2330,-0.052156470011914764,65356,1,-10.0132,-18.400,-23.2
2021-11-11 13:01:47,-823,15593,2323,-0.052156615176327935,65356,1,-10.0151,-18.412,-23.2
2021-11-11 13:03:35,-833,15595,2320,-0.05278404850617557,65356,0,-10.0146,-18.405,-23.0
2021-11-11 13:07:06,-831,15591,2321,-0.05267025219669459,65355,1,-10.0153,-18.421,-23.3
2021-11-11 13:15:37,-826,15597,2318,-0.052335718179392844,65353,4,-10.0148,-18.400,-23.3
2021-11-11 13:19:06,-831,15593,2317,-0.05266561730305485,65350,1,-10.0128,-18.405,-23.3
2021-11-11 13:20:56,-825,15596,2322,-0.05227379874581056,65353,0,-10.0128,-18.400,-23.3
2021-11-11 13:27:46,-820,15600,2319,-0.05194600037971251,65355,3,-10.0125,-18.390,-23.1
2021-11-11 13:29:32,-824,15603,2322,-0.05218767762725061,65350,0,-10.0162,-18.404,-23.0
2021-11-11 13:36:30,-817,15844,51,-0.051519364045068565,65360,0,-2.0542,-18.422,-23.1
2021-11-11 13:40:01,-824,15841,61,-0.051969694427688534,65353,1,-2.0517,-18.395,-23.0
2021-11-11 14:54:32,-821,15847,64,-0.05176121445776496,65361,1,-2.0425,-18.417,-22.9
2021-11-11 14:56:22,-823,15844,52,-0.0518970320838851,65355,0,-2.0416,-18.436,-22.9
2021-11-11 14:58:05,-819,15844,59,-0.051645168213917805,65352,0,-2.0409,-18.395,-22.9
2021-11-11 14:59:55,-826,15843,60,-0.05208905467386462,65350,0,-2.0432,-18.421,-23.1
2021-11-11 15:03:22,-819,15841,61,-0.05165490669827764,65355,1,-2.0452,-18.414,-23.2
2021-11-11 15:05:10,-829,15839,56,-0.052291122570539174,65353,0,-2.0409,-18.417,-22.9
2021-11-11 15:08:38,-815,15834,57,-0.051425801694537795,65353,1,-2.0461,-18.452,-23.0
2021-11-11 15:10:26,-822,15844,59,-0.05183400660420756,65353,0,-2.0454,-18.441,-23.1
2021-11-11 15:12:18,-817,15843,58,-0.051522531958432254,65356,0,-2.0445,-18.434,-23.1
2021-11-11 15:14:02,-822,15843,57,-0.05183729634392226,65355,0,-2.0414,-18.442,-23.2
2021-11-11 15:19:16,-825,15843,57,-0.05202614297570978,65347,2,-2.0425,-18.456,-22.8
2021-11-11 15:27:48,-817,15847,57,-0.05150956190633689,65352,4,-2.0423,-18.422,-23.1
2021-11-11 15:31:19,-820,15849,64,-0.051691768124754046,65353,1,-2.0421,-18.421,-23.0
2021-11-11 15:59:55,-823,15854,-243,-0.05185855501439408,65355,0,-0.9754,-18.447,-22.8
2021-11-11 16:03:22,-818,15853,-255,-0.05154668962964598,65350,1,-0.9774,-18.449,-23.0
2021-11-11 16:06:53,-814,15847,-251,-0.05131465923065381,65347,1,-0.9774,-18.449,-23.1
2021-11-11 16:10:21,-831,15843,-248,-0.052397756114928945,65352,1,-0.9745,-18.451,-23.2
2021-11-11 16:12:14,-815,15847,-248,-0.05137774136968537,65350,0,-0.9747,-18.454,-23.2
2021-11-11 16:13:59,-805,15848,-249,-0.05074518210745384,65355,0,-0.9756,-18.414,-23.1
2021-11-11 16:17:29,-815,15848,-251,-0.05137435315849185,65355,1,-0.9738,-18.399,-23.0
2021-11-11 16:19:13,-820,15849,-260,-0.05168524695415361,65350,0,-0.9734,-18.424,-23.1
2021-11-11 16:21:01,-822,15850,-254,-0.051808138558281126,65350,0,-0.9734,-18.417,-23.3
2021-11-11 16:22:49,-818,15848,-257,-0.05156281456020016,65350,0,-0.9758,-18.402,-23.1
2021-11-11 16:41:45,-809,15853,-525,-0.050959233065150385,65348,3,+0.0035,-18.429,-23.1
2021-11-11 16:46:54,-811,15844,-533,-0.051113071808774446,65353,2,+0.0044,-18.434,-23.2
2021-11-11 16:48:39,-808,15855,-531,-0.05088930981613423,65355,0,+0.0019,-18.434,-22.9
2021-11-11 16:50:30,-812,15852,-529,-0.051150665021464495,65358,0,+0.0021,-18.424,-23.0
2021-11-11 16:53:58,-815,15851,-535,-0.05134189322495553,65353,1,+0.0023,-18.454,-22.8
2021-11-11 16:55:43,-810,15848,-524,-0.05103827233828799,65355,0,+0.0048,-18.447,-23.0
2021-11-11 16:57:31,-816,15851,-519,-0.051406498778250674,65360,0,+0.0048,-18.447,-23.3
2021-11-11 16:59:19,-802,15856,-529,-0.050509099413580956,65356,0,+0.0026,-18.452,-23.2
2021-11-11 17:01:07,-813,15844,-524,-0.0512398691674406,65358,0,+0.0037,-18.449,-23.2
2021-11-11 17:03:01,-810,15851,-516,-0.051029482508056806,65358,0,+0.0041,-18.463,-23.3
2021-11-11 17:08:11,-812,15855,-528,-0.051141121385133326,65350,2,+0.0019,-18.449,-22.8
2021-11-15 09:18:35,-462,15782,-867,-0.0292214621146456,65352,1,+1.0083,-18.417,-23.2
2021-11-15 09:22:05,-461,15779,-879,-0.02916254936903384,65352,1,+1.0085,-18.444,-23.4
2021-11-15 09:23:53,-474,15783,-867,-0.029978119506454556,65356,0,+1.0073,-18.486,-23.0
2021-11-15 09:25:41,-466,15781,-871,-0.02947576699167065,65352,0,+1.0100,-18.479,-23.2
2021-11-15 09:32:30,-463,15778,-879,-0.029290845351328226,65353,3,+1.0098,-18.486,-23.3
2021-11-15 09:37:44,-470,15777,-881,-0.02973509668236612,65350,2,+1.0108,-18.540,-23.4
2021-11-15 10:19:21,-480,15768,-875,-0.030385283317391456,65353,1,+1.0142,-18.548,-23.1
2021-11-15 10:21:03,-478,15770,-869,-0.030255566183541444,65353,0,+1.0153,-18.533,-23.5
2021-11-15 10:24:38,-475,15770,-871,-0.030065582874113216,65350,1,+1.0129,-18.526,-23.7
2021-11-15 10:26:20,-482,15768,-868,-0.03051255618302032,65353,0,+1.0113,-18.565,-23.9
2021-11-15 10:29:48,-484,15764,-878,-0.030645758689798998,65350,1,+1.0133,-18.555,-23.3
2021-11-15 10:33:17,-483,15766,-879,-0.030578507706605137,65348,1,+1.0137,-18.572,-23.3
2021-11-15 10:35:08,-484,15763,-873,-0.03064823356937007,65350,0,+1.0135,-18.563,65536.0
2021-11-15 10:36:54,-485,15762,-873,-0.030713457870252397,65347,0,+1.0126,-18.547,-23.3
2021-11-15 10:43:01,-473,15756,-1164,-0.02992978163828229,65353,1,+2.0221,-18.562,-23.5
2021-11-15 10:48:09,-477,15763,-1161,-0.03016983278605819,65355,2,+2.0235,-18.590,65536.0
2021-11-15 10:51:39,-477,15756,-1163,-0.030182875174091038,65350,1,+2.0225,-18.622,-23.4
2021-11-15 10:56:49,-474,15759,-1155,-0.029988597483509693,65355,2,+2.0226,-18.585,-23.6
2021-11-15 11:01:58,-476,15761,-1154,-0.030111395680440516,65348,2,+2.0244,-18.577,-23.2
2021-11-15 11:05:27,-473,15764,-1164,-0.029914684108941107,65352,1,+2.0221,-18.579,-23.4
2021-11-15 11:07:15,-487,15756,-1165,-0.030814956242448066,65352,0,+2.0233,-18.572,-23.9
2021-11-15 11:10:48,-474,15756,-1155,-0.02999427350017631,65348,1,+2.0237,-18.567,-23.6
2021-11-15 11:15:57,-472,15764,-1155,-0.02985272324171384,65345,2,+2.0246,-18.584,-23.7
2021-11-15 11:17:45,-478,15760,-1157,-0.03023932492703848,65352,0,+2.0253,-18.543,-23.6
2021-11-15 11:19:29,-470,15760,-1160,-0.029733114637030763,65350,0,+2.0260,-18.565,-23.6
2021-11-15 11:21:20,-476,15758,-1155,-0.030116955055826636,65345,0,+2.0248,-18.558,-23.6
2021-11-15 11:36:39,-483,15520,-3467,-0.030363189626125196,65350,1,+10.0530,-18.545,-23.0
2021-11-15 11:38:24,-474,15521,-3475,-0.029792657624764195,65353,0,+10.0559,-18.570,-23.5
2021-11-15 11:45:20,-477,15518,-3479,-0.02998497407325717,65352,3,+10.0612,-18.580,-23.4
2021-11-15 11:47:08,-481,15513,-3479,-0.030245541014802164,65348,0,+10.0614,-18.582,-23.6
2021-11-15 11:50:33,-483,15520,-3466,-0.03036360558277105,65352,1,+10.0619,-18.579,-23.2
2021-11-15 11:57:25,-485,15522,-3476,-0.030481337572703143,65352,3,+10.0619,-18.565,65536.0
2021-11-15 11:59:16,-487,15523,-3475,-0.03060549918699643,65352,0,+10.0635,-18.579,-23.5
2021-11-15 12:02:41,-472,15525,-3475,-0.029659749431682102,65350,1,+10.0625,-18.609,-23.3
2021-11-15 12:07:55,-483,15512,-3468,-0.030377678139422035,65352,2,+10.0634,-18.607,-23.2
2021-11-15 12:09:43,-479,15513,-3472,-0.03012275391689197,65352,0,+10.0630,-18.597,-23.4
2021-11-15 12:13:08,-477,15516,-3473,-0.029991124306276148,65352,1,+10.0630,-18.612,-23.2
2021-11-15 12:14:59,-478,15515,-3479,-0.030053326487155946,65352,0,+10.0669,-18.590,-23.4
2021-11-15 12:16:43,-476,15515,-3471,-0.029930945009224368,65353,0,+10.0673,-18.616,-23.4
2021-11-15 13:02:03,-317,15504,-3374,-0.019976065007776374,65450,1,+10.0825,-9.088,65536.0
2021-11-15 13:05:30,-315,15504,-3377,-0.019849268086147013,65448,1,+10.0843,-9.115,-13.0
2021-11-15 13:09:03,-313,15496,-3380,-0.01973219719271693,65447,1,+10.0843,-9.093,-13.1
2021-11-15 13:14:12,-314,15501,-3373,-0.019790987220351355,65452,2,+10.0841,-9.071,-12.6
2021-11-15 13:19:22,-311,15502,-3375,-0.01960021765440332,65450,2,+10.0841,-9.046,-12.8
2021-11-15 13:21:07,-321,15502,-3374,-0.02023055162278252,65455,0,+10.0850,-9.069,-12.6
2021-11-15 13:26:18,-313,15497,-3378,-0.01973151193815246,65447,2,+10.0864,-9.088,-12.9
2021-11-15 13:29:49,-317,15502,-3376,-0.01997798939845729,65448,1,+10.0873,-9.064,-12.6
2021-11-15 13:34:56,-313,15505,-3366,-0.019724964197479655,65453,2,+10.0860,-9.053,65536.0
2021-11-15 13:36:47,-316,15503,-3369,-0.01991562515879905,65450,0,+10.0871,-9.059,-12.8
2021-11-15 13:38:35,-315,15500,-3369,-0.019856285767184872,65448,0,+10.0880,-9.059,-13.0
2021-11-15 14:13:56,-309,15754,-1019,-0.019570665325772937,65450,1,+1.9770,-9.073,65536.0
2021-11-15 14:15:40,-311,15736,-1029,-0.01971892321615969,65447,0,+1.9752,-9.053,-12.9
2021-11-15 14:17:31,-308,15739,-1042,-0.019523995371112404,65452,0,+1.9754,-9.061,-12.6
2021-11-15 14:19:19,-312,15736,-1042,-0.019781241115956923,65452,0,+1.9768,-9.054,-13.0
2021-11-15 14:24:30,-311,15737,-1034,-0.01971726708133676,65447,2,+1.9745,-9.059,-12.8
2021-11-15 14:27:57,-309,15737,-1040,-0.019590010551972615,65450,1,+1.9761,-9.053,-12.8
2021-11-15 14:29:50,-316,15730,-1037,-0.02004280499111552,65455,0,+1.9734,-9.093,-12.9
2021-11-15 14:34:57,-309,15736,-1026,-0.019592388769118067,65455,2,+1.9776,-9.068,-12.9
2021-11-15 14:36:47,-313,15741,-1041,-0.01983843458374782,65453,0,+1.9783,-9.079,-12.8
2021-11-15 14:38:32,-320,15743,-1033,-0.020280096303687954,65452,0,+1.9749,-9.096,-12.8
2021-11-15 14:42:00,-315,15739,-1030,-0.019968603453899447,65447,1,+1.9736,-9.068,65536.0
2021-11-15 14:59:41,-316,15742,-751,-0.020048197501493142,65450,1,+1.0032,-9.083,-12.8
2021-11-15 15:03:09,-316,15742,-757,-0.020047832442905214,65453,1,+1.0017,-9.081,65536.0
2021-11-15 15:06:36,-314,15742,-762,-0.01992067661944215,65452,1,+1.0028,-9.091,-12.8
2021-11-15 15:08:27,-318,15746,-758,-0.020169509852050082,65447,0,+0.9997,-9.083,-12.7
2021-11-15 15:10:15,-314,15744,-755,-0.01991857818253747,65452,0,+0.9983,-9.073,-12.9
2021-11-15 15:13:37,-316,15738,-757,-0.02005291471545286,65452,1,+1.0008,-9.076,-12.9
2021-11-15 15:18:50,-320,15732,-761,-0.020314155910682585,65450,2,+1.0021,-9.096,-13.0
2021-11-15 15:20:38,-319,15739,-758,-0.020241894124752663,65444,0,+0.9990,-9.079,-12.9
2021-11-15 15:25:47,-317,15737,-766,-0.020117075931151626,65450,2,+0.9983,-9.078,65536.0
2021-11-15 15:30:56,-321,15743,-749,-0.02036416141396553,65447,2,+0.9983,-9.098,-13.0
2021-11-15 15:32:50,-318,15743,-755,-0.020173527696060022,65450,0,+1.0014,-9.090,-13.1
2021-11-15 15:34:38,-316,15744,-757,-0.02004529227131288,65452,0,+0.9987,-9.103,-12.8
2021-11-15 15:38:02,-318,15732,-754,-0.020187658425920373,65452,1,+1.0028,-9.053,-13.0
2021-11-15 16:10:26,-323,15745,-464,-0.02050267350845001,65450,1,-0.0365,-9.032,-12.8
2021-11-15 16:15:35,-327,15737,-462,-0.020767121175005898,65448,2,-0.0381,-9.017,-12.9
2021-11-15 16:27:31,-324,15743,-470,-0.020568508867579206,65453,6,-0.0361,-9.029,65536.0
2021-11-15 16:32:41,-331,15746,-470,-0.02100876211262581,65450,2,-0.0361,-9.043,-12.9
2021-11-15 16:34:29,-318,15741,-461,-0.020190618008510408,65450,0,-0.0356,-9.034,-13.0
2021-11-15 16:36:17,-322,15733,-466,-0.020454710357332255,65452,0,-0.0372,-9.017,-13.0
2021-11-15 16:38:05,-322,15742,-473,-0.02044275870886989,65448,0,-0.0360,-9.011,-13.3
2021-11-15 16:39:50,-322,15735,-468,-0.020452036397278113,65450,0,-0.0394,-8.994,-12.9
2021-11-15 16:43:19,-326,15739,-468,-0.020700770597569664,65447,1,-0.0391,-8.963,-13.1
2021-11-15 16:48:31,-321,15740,-478,-0.02038168056187905,65448,2,-0.0407,-8.999,-13.2
2021-11-15 16:50:19,-324,15748,-466,-0.020562141034880403,65448,0,-0.0394,-8.995,-13.0
2021-11-16 10:06:03,-329,15743,-202,-0.0208934161065231,65448,3,-1.0778,-9.036,-12.8
2021-11-16 10:11:10,-328,15742,-196,-0.020831351609379007,65448,2,-1.0754,-9.088,-13.1
2021-11-16 10:14:38,-328,15734,-200,-0.020841872016145617,65448,1,-1.0747,-9.066,-12.8
2021-11-16 10:18:11,-324,15736,-206,-0.020585058409760444,65450,1,-1.0736,-9.073,-12.7
2021-11-16 10:19:57,-331,15736,-210,-0.02102959697477028,65445,0,-1.0732,-9.106,-12.9
2021-11-16 10:25:07,-334,15742,-199,-0.021212248953022688,65444,2,-1.0749,-9.076,-12.9
2021-11-16 10:30:18,-334,15747,-196,-0.021205567363227013,65447,2,-1.0758,-9.064,-12.7
2021-11-16 10:37:10,-323,15742,-204,-0.02051375789738168,65448,3,-1.0745,-9.081,-13.0
2021-11-16 10:38:55,-327,15737,-195,-0.02077447156787939,65447,0,-1.0749,-9.064,-12.7
2021-11-16 10:44:12,-326,15742,-190,-0.020704464288865344,65445,1,-1.0704,-9.058,-13.3
2021-11-16 10:47:43,-329,15741,-195,-0.020896186675031167,65447,1,-1.0756,-9.083,-12.8
2021-11-16 10:51:13,-332,15745,-199,-0.021081251570859317,65444,1,-1.0747,-9.078,-12.8
2021-11-16 10:52:58,-323,15746,-199,-0.020508632366794767,65445,0,-1.0702,-9.093,-12.6
2021-11-16 10:56:29,-325,15735,-193,-0.0206501023952135,65447,1,-1.0722,-9.078,-12.6
2021-11-16 11:03:22,-332,15738,-197,-0.021090657586752336,65447,3,-1.0745,-9.074,-12.7
2021-11-16 11:05:10,-327,15737,-193,-0.020774504101110824,65444,0,-1.0763,-9.100,-12.6
2021-11-16 11:08:35,-332,15734,-197,-0.021096016960606923,65445,1,-1.0754,-9.086,-12.6
2021-11-16 11:13:50,-329,15740,-188,-0.020897626691673606,65450,2,-1.0731,-9.037,-12.8
2021-11-16 11:17:18,-329,15737,-198,-0.02090144593494201,65447,1,-1.0761,-9.088,-12.7
2021-11-16 11:22:29,-322,15740,-200,-0.020452929567480686,65447,2,-1.0740,-9.058,-12.4
2021-11-16 11:27:39,-327,15735,-192,-0.020777159638358536,65448,2,-1.0729,-9.085,-12.7
2021-11-16 11:32:47,-317,15739,-198,-0.020136735125297317,65444,2,-1.0738,-9.061,-12.8
2021-11-16 11:34:36,-322,15734,-193,-0.02046083928328204,65447,0,-1.0743,-9.061,-12.9
2021-11-16 11:36:24,-321,15741,-198,-0.020388166778339892,65442,0,-1.0718,-9.093,-12.9
2021-11-16 11:38:11,-322,15745,-191,-0.02044658242587687,65450,0,-1.0727,-9.083,-12.7
2021-11-16 11:45:04,-322,15741,-199,-0.020451647257724654,65445,3,-1.0747,-9.073,-12.8
2021-11-16 11:50:15,-321,15745,-203,-0.020382907050298295,65448,2,-1.0733,-9.053,-12.6
2021-11-16 11:53:42,-332,15739,-199,-0.02108928447052941,65450,1,-1.0736,-9.066,-12.5
2021-11-16 11:57:10,-327,15737,-186,-0.020774615327346528,65447,1,-1.0729,-9.043,-12.5
2021-11-16 11:58:56,-330,15737,-189,-0.020965104940828722,65448,0,-1.0742,-9.039,-12.6
2021-11-16 12:04:08,-326,15743,-195,-0.020703069336470568,65442,2,-1.0747,-9.063,-12.9
2021-11-16 12:09:16,-324,15732,-192,-0.02059052164538197,65445,2,-1.0740,-9.053,-12.6
2021-11-16 12:12:50,-326,15737,-200,-0.020710876720675092,65444,1,-1.0686,-9.058,-12.8
2021-11-16 12:18:06,-328,15737,-199,-0.020837917426658362,65452,1,-1.0727,-9.068,-12.6
2021-11-16 12:23:14,-315,15740,-188,-0.0200086085742159,65440,2,-1.0729,-9.061,-12.9
2021-11-16 12:31:47,-324,15738,-186,-0.02058276923736011,65450,4,-1.0715,-9.043,-12.9
2021-11-16 12:35:17,-315,15730,-191,-0.020021277409733966,65450,1,-1.0698,-9.048,-12.7
2021-11-16 12:38:48,-322,15735,-195,-0.020459507453953134,65447,1,-1.0718,-9.096,-12.6
2021-11-16 12:45:39,-323,15735,-195,-0.020523028484601878,65450,3,-1.0696,-9.115,-12.4
2021-11-16 12:49:06,-328,15742,-188,-0.020831480671832815,65447,1,-1.0734,-9.110,-12.6
2021-11-16 12:50:52,-324,15731,-193,-0.020591813982995692,65445,0,-1.0738,-9.101,-12.7
2021-11-16 12:54:44,-333,15729,103,-0.02116746933360775,65452,1,-2.0935,-9.120,-13.0
2021-11-16 13:03:16,-329,15734,111,-0.02090656408697977,65447,4,-2.0937,-9.079,-13.0
2021-11-16 13:05:07,-326,15725,102,-0.020727914370160395,65447,0,-2.0946,-9.071,-12.8
2021-11-16 13:06:55,-330,15725,101,-0.02098217903011252,65450,0,-2.0957,-9.098,-12.6
2021-11-16 13:08:40,-322,15723,99,-0.020476284060768193,65448,0,-2.0953,-9.096,-12.7
2021-11-16 13:12:11,-318,15734,104,-0.020207815397749126,65447,1,-2.0959,-9.076,-12.7
2021-11-16 13:13:56,-326,15727,100,-0.02072529619104883,65450,0,-2.0971,-9.095,-12.7
2021-11-16 13:15:44,-312,15732,104,-0.019829156511938992,65447,0,-2.0963,-9.056,-12.8
2021-11-16 13:17:34,-321,15729,109,-0.020404840875898177,65447,0,-2.0927,-9.036,-12.9
2021-11-16 13:19:24,-325,15727,102,-0.020661722913937003,65448,0,-2.0986,-9.021,-12.9
2021-11-16 13:21:11,-318,15726,105,-0.020218083559313593,65447,0,-2.0972,-9.046,-12.9
2021-11-16 13:22:57,-322,15728,107,-0.020469708473257905,65450,0,-2.0972,-9.054,-13.0
2021-11-16 13:24:42,-319,15732,109,-0.020273877266260905,65453,0,-2.0945,-9.027,-12.9
2021-11-16 13:28:12,-323,15721,100,-0.02054246108985356,65447,1,-2.0992,-9.002,-13.0
2021-11-16 13:33:25,-319,15483,2354,-0.02036634946007359,65456,2,-9.9894,-9.012,-12.6
2021-11-16 13:36:53,-332,15480,2352,-0.021200502929833023,65448,1,-9.9899,-8.982,-12.7
2021-11-16 13:42:02,-321,15476,2352,-0.020503453782024388,65450,2,-9.9937,-8.972,-12.6
2021-11-16 13:45:30,-328,15481,2354,-0.020943426443917598,65448,1,-9.9932,-8.950,-12.9
2021-11-16 13:47:18,-327,15481,2344,-0.02088159305415116,65448,0,-9.9926,-8.994,-12.7
2021-11-16 13:50:51,-329,15485,2357,-0.02100135251851489,65453,1,-9.9933,-8.979,-12.6
2021-11-16 13:52:35,-330,15484,2352,-0.021067507570938573,65448,0,-9.9946,-8.972,-12.9
2021-11-16 13:56:08,-325,15486,2354,-0.02074537896160658,65450,1,-9.9976,-8.955,-12.6
2021-11-16 13:59:33,-326,15485,2355,-0.02081030593018766,65447,1,-9.9932,-8.962,-12.8
2021-11-16 14:01:24,-327,15474,2351,-0.020889423786700344,65450,0,-9.9926,-8.994,-12.8
2021-11-16 14:08:23,-332,15483,2346,-0.021197706799559842,65448,1,-9.9928,-8.997,-12.9
2021-11-16 17:06:28,-199,15460,2488,-0.012707728295745756,17,1,-10.0062,+0.875,-2.4
2021-11-16 17:08:07,-204,15460,2488,-0.013026982272446136,17,0,-10.0062,+0.864,-2.6
2021-11-16 17:18:23,-200,15456,2464,-0.012777899041978933,14,5,-10.0082,+0.897,-2.7
2021-11-16 17:20:08,-204,15462,2487,-0.013025472049024637,17,0,-10.0071,+0.884,-2.6
2021-11-16 17:21:58,-199,15451,2451,-0.012719688171384145,16,0,-10.0059,+0.887,-2.7
2021-11-16 17:23:44,-204,15453,2441,-0.013038899277204159,14,0,-10.0064,+0.894,-2.6
2021-11-16 17:27:12,-203,15450,2478,-0.012972624361749226,16,1,-10.0100,+0.901,-2.6
2021-11-16 17:30:42,-199,15453,2448,-0.012718464251806115,11,1,-10.0100,+0.890,-2.5
2021-11-16 17:32:30,-207,15454,2492,-0.01322299780762717,16,0,-10.0093,+0.895,-2.5
2021-11-16 17:39:22,-198,15456,2453,-0.01265153040900657,16,3,-10.0055,+0.899,-2.8
2021-11-16 17:41:10,-194,15448,2462,-0.0124011104430147,22,0,-10.0078,+0.877,-2.7
2021-11-16 17:42:57,-200,15453,2484,-0.012777736495632956,14,0,-10.0082,+0.890,-2.7
2021-11-17 09:20:40,-190,15706,175,-0.012095946833048156,16,2,-1.9849,+0.842,-3.0
2021-11-17 09:22:28,-183,15712,186,-0.011645806129389482,8,0,-1.9870,+0.768,-2.5
2021-11-17 09:24:21,-195,15713,186,-0.012408600001834049,11,0,-1.9865,+0.810,-2.8
2021-11-17 09:36:10,-191,15715,188,-0.012152525101447835,11,6,-1.9845,+0.766,-2.8
2021-11-17 09:37:58,-192,15713,187,-0.012217708382055251,19,0,-1.9858,+0.754,-2.5
2021-11-17 09:43:08,-186,15719,184,-0.01183145110680796,16,2,-1.9820,+0.795,-2.7
2021-11-17 09:46:37,-187,15717,176,-0.011896637713754637,12,1,-1.9843,+0.774,-2.6
2021-11-17 09:50:08,-183,15711,188,-0.011646529567745674,12,1,-1.9835,+0.842,-2.7
2021-11-17 09:55:16,-189,15710,181,-0.012029175148542888,12,2,-1.9824,+0.815,-2.6
2021-11-17 10:00:29,-191,15718,199,-0.012150101529104397,16,2,-1.9822,+0.764,-2.7
2021-11-17 10:03:57,-185,15706,188,-0.01177754964758878,12,1,-1.9829,+0.769,-2.7
2021-11-17 10:09:15,-185,15705,203,-0.011778159392258078,11,1,-1.9827,+0.778,-2.3
2021-11-17 10:12:43,-187,15715,192,-0.011898009626768676,11,1,-1.9840,+0.768,-2.5
2021-11-17 10:17:55,-191,15711,194,-0.012155561949126566,11,2,-1.9798,+0.769,-2.5
2021-11-17 10:19:40,-190,15714,206,-0.012089501087012637,14,0,-1.9852,+0.776,-2.3
2021-11-17 10:23:09,-188,15707,191,-0.011967729471140803,14,1,-1.9858,+0.803,-2.4
2021-11-17 10:28:21,-193,15713,199,-0.012281220723938288,11,2,-1.9818,+0.773,-2.5
2021-11-17 10:31:49,-190,15716,198,-0.012088042072682818,16,1,-1.9818,+0.805,-2.7
2021-11-17 10:33:41,-191,15712,194,-0.012154788494954697,8,0,-1.9838,+0.830,-2.6
2021-11-17 10:37:09,-195,15706,196,-0.012414032945251495,12,1,-1.9822,+0.798,-2.7
2021-11-17 10:42:15,-189,15709,198,-0.012029783717483582,12,2,-1.9865,+0.793,-2.6
2021-11-17 10:44:07,-192,15706,204,-0.012222987733615139,17,0,-1.9856,+0.788,-2.6
2021-11-17 10:50:55,-190,15698,208,-0.012101799519029224,16,3,-1.9847,+0.803,-2.4
2021-11-17 10:52:46,-197,15706,185,-0.012541449588133005,12,0,-1.9822,+0.798,-2.8
2021-11-17 10:54:32,-203,15709,196,-0.012920803677247851,12,0,-1.9836,+0.805,-2.7
2021-11-17 10:56:18,-203,15710,185,-0.012920091109228454,14,0,-1.9827,+0.805,-2.7
2021-11-17 10:59:47,-200,15704,192,-0.012733968679584703,14,1,-1.9847,+0.825,-2.7
2021-11-17 11:01:38,-186,15705,196,-0.011841886213766094,9,0,-1.9838,+0.805,-2.4
2021-11-17 11:05:07,-194,15715,192,-0.012343345245459651,12,1,-1.9813,+0.801,-2.5
2021-11-17 12:43:06,-199,15714,-84,-0.012663008796325684,16,1,-0.9918,+1.042,-2.6
2021-11-17 12:44:51,-203,15708,-72,-0.012922496040720778,16,0,-0.9905,+0.980,-2.8
2021-11-17 12:46:41,-204,15714,-84,-0.01298113954285114,16,0,-0.9886,+0.951,-2.9
2021-11-17 12:50:08,-197,15704,-74,-0.012543777412102603,12,1,-0.9877,+0.862,-2.6
2021-11-17 12:53:38,-201,15716,-84,-0.012788633956223493,12,1,-0.9902,+0.821,-2.9
2021-11-17 12:57:09,-200,15707,-100,-0.01273223018836251,14,1,-0.9887,+0.808,-2.7
2021-11-17 13:02:16,-203,15717,-82,-0.01291505697912596,8,2,-0.9894,+0.778,-2.7
2021-11-17 13:04:10,-203,15703,-80,-0.012926578285660255,11,0,-0.9923,+0.761,-2.9
2021-11-17 13:07:34,-200,15707,-80,-0.012732323070181482,11,1,-0.9901,+0.763,-2.8
2021-11-17 13:09:22,-199,15703,-78,-0.012671903042221759,14,0,-0.9925,+0.764,-2.9
2021-11-17 13:12:50,-201,15704,-86,-0.012798396051284779,14,1,-0.9928,+0.699,-2.9
2021-11-17 13:14:37,-209,15710,-95,-0.013302600301015008,12,0,-0.9899,+0.721,-3.0
2021-11-17 13:16:25,-200,15703,-76,-0.012735582031643492,12,0,-0.9892,+0.741,-2.8
2021-11-17 13:18:17,-206,15707,-80,-0.013114249606448452,17,0,-0.9930,+0.790,-2.5
2021-11-17 13:46:55,-207,15696,-379,-0.013183466637271785,11,1,+0.0719,+0.781,-2.7
2021-11-17 13:48:42,-205,15702,-387,-0.013050957131357012,16,0,+0.0707,+0.774,-2.7
2021-11-17 13:52:16,-205,15703,-385,-0.013050167445606898,12,1,+0.0747,+0.748,-2.7
2021-11-17 13:57:26,-197,15710,-366,-0.012535725219145534,11,2,+0.0730,+0.791,-2.6
2021-11-17 13:59:09,-199,15699,-378,-0.01267161551279664,12,0,+0.0734,+0.808,-2.6
2021-11-17 14:00:57,-203,15702,-402,-0.012923335021386591,19,0,+0.0687,+0.774,-2.6
2021-11-17 14:02:47,-207,15704,-385,-0.01317663297070406,14,0,+0.0735,+0.827,-2.7
2021-11-17 14:06:17,-202,15699,-388,-0.012862424234929141,14,1,+0.0707,+0.795,-2.7
2021-11-17 14:09:42,-200,15695,-383,-0.012738430250717818,9,1,+0.0734,+0.800,-2.4
2021-11-17 14:13:13,-210,15699,-385,-0.013371830475165302,19,1,+0.0745,+0.771,-2.9
2021-11-17 14:18:23,-205,15705,-373,-0.013048747160161096,12,2,+0.0755,+0.806,-2.6
2021-11-17 14:20:13,-201,15704,-375,-0.012794940897366698,11,0,+0.0741,+0.816,-2.6
2021-11-17 15:05:01,-204,15695,-619,-0.012986942838594388,12,3,+0.9740,+0.769,-2.4
2021-11-17 15:08:30,-205,15700,-633,-0.013045984722242542,14,1,+0.9716,+0.820,-2.6
2021-11-17 15:10:18,-203,15705,-637,-0.012914482485285445,19,0,+0.9732,+0.821,-2.7
2021-11-17 15:15:27,-200,15691,-627,-0.012735307696584512,11,2,+0.9714,+0.813,-2.3
2021-11-17 15:20:45,-209,15705,-627,-0.013296487096211854,16,1,+0.9743,+0.820,-2.3
2021-11-17 15:22:36,-202,15703,-626,-0.012852866685744598,19,0,+0.9732,+0.806,-2.3
2021-11-17 15:27:48,-202,15697,-633,-0.012857541658338082,9,2,+0.9723,+0.808,-2.4
2021-11-17 15:34:36,-208,15696,-625,-0.013240516844896815,12,3,+0.9676,+0.811,-2.5
2021-11-17 15:36:22,-218,15699,-631,-0.013874141269536193,14,0,+0.9725,+0.838,-2.3
2021-11-17 15:38:14,-205,15699,-641,-0.01304654499575652,19,0,+0.9719,+0.860,-2.5
2021-11-17 15:41:42,-210,15695,-635,-0.013368323376880147,16,1,+0.9720,+0.791,-2.4
2021-11-17 15:46:54,-209,15704,-625,-0.013297399735380386,19,2,+0.9707,+0.791,-2.5
2021-11-17 15:48:39,-205,15696,-626,-0.013049536614531839,9,0,+0.9727,+0.749,-2.1
2021-11-17 15:55:28,-205,15697,-629,-0.013048607166065679,14,3,+0.9725,+0.801,-2.3
2021-11-17 15:57:20,-207,15693,-627,-0.013179315728229052,14,0,+0.9745,+0.805,-2.6
2021-11-17 16:02:31,-208,15693,-621,-0.013243177485033656,11,2,+0.9696,+0.833,-2.3
2021-11-17 16:06:00,-206,15694,-635,-0.013114552247886942,12,1,+0.9689,+0.810,-2.4
2021-11-17 16:07:45,-208,15698,-633,-0.013238562939704128,17,0,+0.9702,+0.805,-2.5
2021-11-17 16:11:14,-214,15699,-632,-0.01361956680724459,17,1,+0.9671,+0.801,-2.3
2021-11-17 16:14:42,-213,15700,-631,-0.013555104521284788,17,1,+0.9716,+0.795,-2.6
2021-11-17 16:16:33,-217,15695,-633,-0.013813949366088218,14,0,+0.9736,+0.835,-2.3
2021-11-17 16:23:22,-215,15698,-637,-0.013683895992983915,16,3,+0.9711,+0.796,-2.5
2021-11-17 16:25:13,-217,15700,-631,-0.013809628410643607,12,0,+0.9747,+0.798,-2.4
2021-11-17 16:28:41,-212,15691,-629,-0.013499267210530758,11,1,+0.9700,+0.838,-2.4
2021-11-17 16:30:27,-210,15684,-633,-0.013377751656033065,16,0,+0.9712,+0.845,-2.3
2021-11-17 16:35:38,-211,15684,-624,-0.013441756138210886,17,2,+0.9732,+0.848,-2.5
2021-11-17 16:45:53,-213,15685,-629,-0.013568114489045432,14,5,+0.9730,+0.843,-2.4
2021-11-17 16:50:59,-219,15688,-628,-0.013947638480443494,11,2,+0.9739,+0.897,-2.4
2021-11-17 16:56:17,-215,15693,-631,-0.013688459216815102,16,1,+0.9732,+0.860,-2.5
2021-11-17 16:58:09,-211,15700,-620,-0.013428216105664215,11,0,+0.9712,+0.848,-2.2
2021-11-17 16:59:54,-212,15696,-630,-0.013494939980200953,17,0,+0.9707,+0.842,65536.0
2021-11-17 17:01:45,-212,15687,-621,-0.01350297731067403,14,0,+0.9716,+0.808,-2.5
2021-11-17 17:05:14,-212,15694,-633,-0.013496553130303028,14,1,+0.9714,+0.830,-2.5
2021-11-17 17:10:20,-207,15690,-626,-0.013181864854607407,16,2,+0.9727,+0.828,-2.4
2021-11-17 17:13:49,-212,15695,-628,-0.013495867120109917,17,1,+0.9723,+0.825,-2.2
2021-11-17 17:17:18,-216,15695,-631,-0.013750369089024501,22,1,+0.9720,+0.806,-2.2
2021-11-17 17:19:09,-210,15702,-623,-0.013362782558099627,16,0,+0.9727,+0.823,-2.6
2021-11-17 17:20:54,-210,15687,-630,-0.013375300535917971,14,0,+0.9741,+0.837,-2.4
2021-11-17 17:27:57,-220,15686,-635,-0.014012850079185209,14,1,+0.9747,+0.818,-2.6
2021-11-17 17:29:50,-224,15690,-638,-0.014263853531002338,14,0,+0.9729,+0.820,-2.5
2021-11-17 17:31:30,-215,15693,-642,-0.013688070745115606,22,0,+0.9722,+0.779,-2.7
2021-11-17 17:33:20,-222,15694,-637,-0.014132954641594154,14,0,+0.9712,+0.850,-2.8
2021-11-17 17:36:48,-215,15691,-634,-0.013690095610811066,14,1,+0.9747,+0.816,-2.6
2021-11-17 17:40:19,-216,15693,-634,-0.013752012686872397,20,1,+0.9719,+0.867,-2.8
2021-11-17 17:42:06,-214,15690,-612,-0.013628053043555978,17,0,+0.9736,+0.848,-2.6
2021-11-17 17:43:51,-211,15690,-624,-0.01343662462413682,16,0,+0.9745,+0.828,-2.3
2021-11-17 17:49:03,-220,15691,-628,-0.014008643788315086,14,2,+0.9705,+0.885,-2.7
2021-11-17 17:50:51,-226,15689,-629,-0.01439244028131351,16,0,+0.9719,+0.899,-2.5
2021-11-17 17:54:18,-211,15693,-636,-0.013433648655734515,16,1,+0.9730,+0.889,-2.3
2021-11-22 09:41:33,-102,15805,-958,-0.006441741930978588,12,1,+1.9925,+0.504,-3.5
2021-11-22 09:50:05,-96,15813,-949,-0.006059976754016562,14,4,+1.9922,+0.497,-3.6
2021-11-22 09:51:56,-96,15810,-954,-0.006061007555632523,12,0,+1.9940,+0.477,-3.5
2021-11-22 09:55:20,-96,15810,-950,-0.006061099557965082,11,1,+1.9925,+0.505,-3.8
2021-11-22 09:57:08,-96,15807,-942,-0.006062428683441958,9,0,+1.9945,+0.477,-3.6
2021-11-22 09:58:56,-95,15803,-944,-0.006000747856401822,12,0,+1.9943,+0.504,-3.7
2021-11-22 10:02:26,-104,15814,-942,-0.00656472034162122,16,1,+1.9909,+0.489,-3.6
2021-11-22 10:05:54,-99,15816,-954,-0.006248046670479017,9,1,+1.9949,+0.502,-3.5
2021-11-22 10:07:42,-101,15828,-962,-0.0063692572962105705,11,0,+1.9925,+0.485,-3.3
2021-11-22 10:12:52,-100,15825,-941,-0.006307889528934149,12,2,+1.9947,+0.472,-3.8
2021-11-22 10:14:40,-99,15829,-950,-0.0062430285402221555,14,0,+1.9924,+0.462,-3.5
2021-11-22 10:18:11,-95,15830,-944,-0.005990549390926784,14,1,+1.9929,+0.477,-3.5
2021-11-22 10:23:19,-94,15823,-944,-0.00593010538854185,9,2,+1.9947,+0.472,-3.6
2021-11-22 10:28:29,-101,15834,-939,-0.006367405909459276,11,2,+1.9942,+0.487,-3.5
2021-11-22 10:50:49,-94,15611,-3242,-0.005895534539250541,11,1,+9.9931,+0.473,65536.0
2021-11-22 10:56:01,-97,15611,-3240,-0.0060838404513507355,16,2,+9.9974,+0.489,-3.8
2021-11-22 11:01:09,-96,15608,-3250,-0.006021462567024227,14,2,+9.9972,+0.487,-3.4
2021-11-22 11:06:21,-90,15604,-3242,-0.005647093575707281,9,2,+10.0018,+0.483,-3.8
2021-11-22 11:09:49,-97,15596,-3242,-0.006089294130755026,11,1,+9.9983,+0.489,-6.3
2021-11-22 11:11:36,-96,15615,-3237,-0.006019873247818599,16,0,+10.0009,+0.475,-3.2
2021-11-22 11:13:27,-96,15611,-3235,-0.006021505422538374,16,0,+9.9986,+0.512,-3.5
2021-11-22 11:15:14,-95,15603,-3233,-0.005961864004015813,19,0,+10.0009,+0.502,-3.6
2021-11-22 11:20:24,-94,15605,-3244,-0.005897556927195878,9,2,+10.0020,+0.485,-3.5
2021-11-22 11:34:03,-105,15610,-3208,-0.006588665799303154,14,7,+10.0050,+0.455,-3.7
2021-11-22 11:35:44,-105,15602,-3221,-0.0065908216380116584,11,0,+10.0040,+0.450,-3.8
2021-11-22 16:04:53,184,15438,-2493,0.011765671204136642,502,1,+10.3094,+48.483,65536.0
2021-11-22 16:06:38,182,15442,-2492,0.011634975869550944,502,0,+10.3110,+48.467,65536.0
2021-11-22 16:08:29,185,15438,-2491,0.01182985019895115,507,0,+10.3121,+48.450,46.9
2021-11-22 16:10:16,189,15440,-2492,0.012083957398153823,504,0,+10.3098,+48.418,65536.0
2021-11-22 16:13:46,177,15445,-2481,0.011314483774483781,501,1,+10.3084,+48.452,65536.0
2021-11-22 16:17:13,185,15435,-2493,0.011831849703945914,499,1,+10.3121,+48.472,65536.0
2021-11-22 16:19:01,186,15436,-2499,0.011894320141703621,502,0,+10.3062,+48.494,65536.0
2021-11-22 16:22:30,173,15440,-2494,0.011060838729206811,509,1,+10.3102,+48.426,65536.0
2021-11-22 16:26:00,259,15395,-2533,0.016598921093909393,504,1,+10.3128,+48.458,65536.0
2021-11-22 16:29:29,270,15365,-2543,0.017334828688014288,504,1,+10.3082,+48.477,65536.0
2021-11-22 16:31:20,180,15437,-2504,0.011509351714565453,506,0,+10.3092,+48.497,65536.0
2021-11-22 16:44:58,131,15684,-124,0.008352005868559973,502,6,+1.9794,+48.509,65536.0
2021-11-22 16:50:10,132,15704,-124,0.00840504183240346,506,2,+1.9736,+48.520,65536.0
2021-11-22 16:53:39,127,15685,-120,0.0080964939983062,504,1,+1.9752,+48.534,65536.0
2021-11-22 17:00:29,129,15698,-126,0.008217157692411006,502,3,+1.9751,+48.505,65536.0
2021-11-22 17:07:18,129,15695,-118,0.008218760738395014,502,3,+1.9749,+48.482,65536.0
2021-11-22 17:09:08,128,15697,-110,0.00815404347472537,502,0,+1.9752,+48.536,65536.0
2021-11-22 17:19:20,112,15693,-132,0.007136566416639524,502,5,+1.9747,+48.495,65536.0
2021-11-22 17:21:12,110,15692,-123,0.007009611227537968,496,0,+1.9720,+48.522,65536.0
2021-11-22 17:26:21,108,15700,-121,0.006878668109569982,504,2,+1.9707,+48.569,65536.0
2021-11-22 17:28:06,107,15694,-122,0.006817580567270375,506,0,+1.9714,+48.529,65536.0
2021-11-22 17:31:38,105,15691,-115,0.006691454526557493,502,1,+1.9729,+48.519,65536.0
2021-11-25 11:00:39,207,15676,-30,0.013204107602439091,498,1,+1.0186,+48.552,65536.0
2021-11-25 11:02:33,209,15676,137,0.013331183850918187,506,0,+1.0170,+48.532,65536.0
2021-11-25 11:05:57,204,15686,134,0.01300402001460317,498,1,+1.0157,+48.527,65536.0
2021-11-25 11:07:43,198,15680,132,0.012626432553774259,499,0,+1.0161,+48.524,65536.0
2021-11-25 11:09:29,199,15683,136,0.012687740867272439,498,0,+1.0152,+48.529,65536.0
2021-11-25 11:16:21,188,15666,130,0.011999521536232354,498,3,+1.0137,+48.562,65536.0
2021-11-25 11:18:07,187,15678,139,0.011926507511814698,499,0,+1.0132,+48.529,65536.0
2021-11-25 11:21:41,177,15678,128,0.011288849507900416,501,1,+1.0128,+48.542,65536.0
2021-11-25 11:25:05,181,15678,133,0.011543911697468833,504,1,+1.0097,+48.546,65536.0
2021-11-25 11:32:00,164,15682,129,0.01045711477382146,499,3,+1.0041,+48.546,65536.0
2021-11-25 11:42:13,159,15683,134,0.010137649026772506,502,5,+0.9882,+48.551,65536.0
2021-11-29 10:39:36,103,15726,441,0.006546995642720517,499,1,+0.0359,+48.356,65536.0
2021-11-29 10:43:03,101,15720,438,0.00642235561934127,501,1,+0.0348,+48.401,65536.0
2021-11-29 10:44:54,102,15721,445,0.006485448258296889,502,0,+0.0335,+48.420,65536.0
2021-11-29 10:48:26,94,15712,443,0.00598024052109549,499,1,+0.0326,+48.433,65536.0
2021-11-29 10:51:48,86,15712,445,0.005471274845895497,501,1,+0.0310,+48.446,65536.0
2021-11-29 10:55:18,83,15715,456,0.005279306978823857,499,1,+0.0313,+48.475,65536.0
2021-11-29 10:57:08,88,15707,457,0.0056001691249137325,501,0,+0.0308,+48.458,65536.0
2021-11-29 11:02:21,88,15708,453,0.005599854186584059,501,2,+0.0302,+48.490,65536.0
2021-11-29 11:07:32,81,15704,453,0.005155731249219729,504,2,+0.0280,+48.485,65536.0
2021-11-29 11:09:17,83,15706,468,0.005282210961539035,507,0,+0.0282,+48.524,65536.0
2021-11-29 11:12:44,74,15706,466,0.0047094678975717575,504,1,+0.0302,+48.499,65536.0
2021-11-29 12:05:01,34,15697,773,0.0021633939944251997,507,1,-1.0742,+48.579,65536.0
2021-11-29 12:06:43,35,15706,763,0.002225819092572099,504,0,-1.0758,+48.544,65536.0
2021-11-29 12:08:31,35,15708,766,0.002225515723537866,506,0,-1.0745,+48.547,65536.0
2021-11-29 12:13:45,25,15700,773,0.0015904287923139543,502,2,-1.0762,+48.616,65536.0
2021-11-29 12:17:09,27,15701,770,0.0017175698078383567,506,1,-1.0797,+48.529,65536.0
2021-11-29 12:18:57,22,15703,767,0.0013993370209152214,504,0,-1.0770,+48.547,65536.0
2021-11-29 12:22:27,11,15698,772,0.0006998802738942546,504,1,-1.0778,+48.571,65536.0
2021-11-29 12:27:40,32,15701,767,0.002035656472821006,504,2,-1.0767,+48.546,65536.0
2021-11-29 12:29:28,27,15705,771,0.0017171280485523226,502,0,-1.0774,+48.584,65536.0
2021-11-29 12:31:15,24,15699,776,0.0015268944015708206,504,0,-1.0780,+48.579,65536.0
2021-11-29 12:33:00,28,15698,777,0.0017814839031752268,502,0,-1.0800,+48.586,65536.0
2021-11-29 13:24:25,-16,15690,1060,-0.0010174381970267032,502,1,-2.0615,+48.578,65536.0
2021-11-29 13:31:13,-15,15698,1049,-0.0009534091324200752,504,3,-2.0601,+48.551,65536.0
2021-11-29 13:33:01,-14,15697,1051,-0.0008898974446340415,507,0,-2.0628,+48.571,65536.0
2021-11-29 13:39:51,-20,15692,1054,-0.001271668744973102,502,3,-2.0612,+48.589,65536.0
2021-11-29 13:48:26,-22,15696,1049,-0.0013985102909982224,506,4,-2.0621,+48.591,65536.0
2021-11-29 13:53:33,-28,15695,1061,-0.0017799433028490475,504,2,-2.0646,+48.569,65536.0
2021-11-29 13:55:23,-27,15701,1057,-0.001715750460410103,502,0,-2.0632,+48.599,65536.0
2021-11-29 14:00:31,-30,15697,1064,-0.0019068153760528732,507,2,-2.0605,+48.591,65536.0
2021-11-29 14:02:17,-30,15698,1057,-0.001906751641173481,504,0,-2.0619,+48.573,65536.0
2021-11-29 14:07:30,-26,15699,1067,-0.0016523429228667078,498,2,-2.0641,+48.606,65536.0
2021-11-29 14:09:16,-28,15708,1063,-0.0017784616713995942,496,0,-2.0626,+48.578,65536.0
2021-11-29 14:48:19,-33,15464,3333,-0.0020860816971330835,501,1,-9.9663,+48.593,65536.0
2021-11-29 14:50:01,-25,15460,3322,-0.0015809880089144117,499,0,-9.9633,+48.623,65536.0
2021-11-29 14:51:49,-36,15465,3323,-0.002275886891499746,507,0,-9.9638,+48.638,65536.0
2021-11-29 14:53:40,-22,15468,3323,-0.0013905634251303973,507,0,-9.9652,+48.623,65536.0
2021-11-29 14:58:47,-24,15459,3321,-0.001517862598152293,502,2,-9.9635,+48.650,65536.0
2021-11-29 15:00:35,-14,15468,3308,-0.0008850802116124801,506,0,-9.9649,+48.635,65536.0
2021-11-29 15:02:22,-20,15471,3327,-0.0012638472597048742,498,0,-9.9622,+48.653,65536.0
2021-11-29 15:04:14,-28,15464,3335,-0.001769962270176492,502,0,-9.9658,+48.668,65536.0
2021-11-29 15:06:02,-26,15470,3327,-0.0016431023445757922,501,0,-9.9640,+48.616,65536.0
2021-11-29 15:07:46,-24,15464,3326,-0.001517292681368983,501,0,-9.9658,+48.636,65536.0
2021-11-29 15:09:36,-23,15464,3326,-0.0014540722440283366,502,0,-9.9649,+48.631,65536.0
2021-11-29 15:14:42,-23,15467,3323,-0.0014538606111331484,504,2,-9.9638,+48.630,65536.0
2021-11-29 15:16:33,-20,15468,3321,-0.0012641822665825106,501,0,-9.9663,+48.630,65536.0
2021-11-29 15:18:18,-24,15468,3318,-0.0015170787271855065,506,0,-9.9683,+48.650,65536.0
2021-11-29 15:21:51,-34,15464,3330,-0.0021493819477942633,502,1,-9.9617,+48.636,65536.0
2021-11-29 15:23:35,-25,15461,3322,-0.0015808902651706408,507,0,-9.9613,+48.643,65536.0
2021-11-29 15:25:26,-33,15461,3314,-0.00208699539005622,504,0,-9.9647,+48.645,65536.0
2021-11-29 15:33:58,-30,15465,3326,-0.0018964978160023683,502,4,-9.9683,+48.630,65536.0
2021-11-29 16:26:42,-145,15488,3169,-0.009171802734821,407,1,-9.9685,+39.275,65536.0
2021-11-29 16:33:34,-148,15483,3176,-0.009363622197095477,412,3,-9.9688,+39.230,65536.0
2021-11-29 16:35:22,-146,15492,3179,-0.009231592709256331,410,0,-9.9696,+39.264,65536.0
2021-11-29 16:37:13,-150,15492,3178,-0.009484618621046851,409,0,-9.9706,+39.242,65536.0
2021-11-29 16:40:38,-151,15485,3172,-0.00955271526498003,410,1,-9.9697,+39.233,65536.0
2021-11-29 16:42:24,-140,15490,3179,-0.008853329142427436,409,0,-9.9681,+39.232,65536.0
2021-11-29 16:44:12,-146,15488,3173,-0.009234584326724037,407,0,-9.9705,+39.265,65536.0
2021-11-29 16:51:02,-148,15486,3179,-0.009361524505211279,407,3,-9.9697,+39.343,65536.0
2021-11-29 16:54:32,-153,15492,3177,-0.009674422178905849,407,1,-9.9685,+39.401,65536.0
2021-11-29 16:56:22,-146,15487,3177,-0.009234687310422323,412,0,-9.9705,+39.420,65536.0
2021-11-29 16:59:48,-145,15488,3176,-0.00917098789939004,410,1,-9.9708,+39.398,65536.0
2021-11-29 17:01:41,-149,15490,3182,-0.009422079552884053,410,0,-9.9692,+39.388,65536.0
2021-11-29 17:03:27,-143,15489,3177,-0.009043823217188215,407,0,-9.9678,+39.410,65536.0
2021-12-01 12:05:44,109,15710,852,0.006927964046700683,402,1,-2.0754,+39.348,65536.0
2021-12-01 12:07:38,105,15704,858,0.006676138330144048,406,0,-2.0712,+39.353,65536.0
2021-12-01 12:09:20,103,15709,857,0.0065469219366226135,409,0,-2.0761,+39.307,65536.0
2021-12-01 12:11:11,106,15704,856,0.006739765384915092,407,0,-2.0748,+39.284,65536.0
2021-12-01 12:14:35,100,15707,857,0.006357047030390117,410,1,-2.0757,+39.297,65536.0
2021-12-01 12:16:23,99,15704,857,0.0062946769151128,407,0,-2.0762,+39.289,65536.0
2021-12-01 12:19:52,95,15700,849,0.006042053959709802,402,1,-2.0729,+39.245,65536.0
2021-12-01 12:23:20,81,15694,845,0.00515369756759944,409,1,-2.0760,+39.264,65536.0
2021-12-01 12:25:10,84,15699,860,0.005342598046956539,404,0,-2.0753,+39.269,65536.0
2021-12-01 12:28:40,83,15699,855,0.005279088439623863,406,1,-2.0715,+39.240,65536.0
2021-12-01 12:30:26,84,15701,853,0.005342049084502874,406,0,-2.0731,+39.257,65536.0
2021-12-01 15:04:58,0,15705,602,0.0,409,1,-1.0054,+39.233,65536.0
2021-12-01 15:06:51,-3,15695,593,-0.000191007387766594,407,0,-1.0071,+39.250,65536.0
2021-12-01 15:08:31,-5,15692,600,-0.00031840102258092303,412,0,-1.0071,+39.267,65536.0
2021-12-01 15:10:25,-8,15693,594,-0.0005094165923813641,406,0,-1.0058,+39.279,65536.0
2021-12-01 15:12:07,-3,15694,603,-0.00019101491012624407,404,0,-1.0045,+39.243,65536.0
2021-12-01 15:13:55,-9,15693,595,-0.0005730922717891117,406,0,-1.0053,+39.250,65536.0
2021-12-01 15:15:42,-7,15695,594,-0.00044568280843019614,407,0,-1.0067,+39.230,65536.0
2021-12-01 15:19:13,-9,15692,596,-0.0005731273566025955,407,1,-1.0087,+39.237,65536.0
2021-12-01 15:21:01,-9,15695,592,-0.0005730234838691276,404,0,-1.0065,+39.228,65536.0
2021-12-01 15:26:09,-3,15697,600,-0.00019097985388677309,407,2,-1.0076,+39.255,65536.0
2021-12-01 15:29:38,-7,15695,598,-0.0004456785013642449,402,1,-1.0078,+39.255,65536.0
2021-12-01 15:31:26,-8,15695,596,-0.0005093493136704534,406,0,-1.0089,+39.267,65536.0
2021-12-01 15:33:17,-8,15697,595,-0.0005092857385418365,409,0,-1.0085,+39.257,65536.0
2021-12-01 15:35:05,-7,15697,594,-0.0004456261039122822,406,0,-1.0076,+39.220,65536.0
2021-12-01 15:40:16,-14,15696,605,-0.0008912849089129156,410,2,-1.0080,+39.257,65536.0
2021-12-01 15:43:41,-20,15692,599,-0.0012736065409711197,404,1,-1.0074,+39.258,65536.0
2021-12-01 15:48:53,-19,15694,594,-0.0012097869407380324,407,2,-1.0053,+39.247,65536.0
2021-12-01 15:52:23,-16,15695,595,-0.0010187008221759053,409,1,-1.0058,+39.247,65536.0
2021-12-01 15:55:48,-17,15699,589,-0.0010821097638903014,410,1,-1.0033,+39.243,65536.0
2021-12-01 16:57:50,-42,15703,350,-0.0026739776645577566,410,1,-0.0570,+39.233,65536.0
2021-12-01 16:59:46,-43,15705,343,-0.00273732193163837,406,0,-0.0596,+39.247,65536.0
2021-12-01 17:08:15,-42,15710,340,-0.002672824145144751,404,4,-0.0565,+39.248,65536.0
2021-12-01 17:11:37,-32,15710,359,-0.0020363847139252046,404,1,-0.0601,+39.237,65536.0
2021-12-01 17:13:25,-38,15715,352,-0.00241746083392578,410,0,-0.0563,+39.262,65536.0
2021-12-01 17:18:35,-47,15708,354,-0.002991337478563987,406,2,-0.0576,+39.245,65536.0
2021-12-01 17:23:45,-42,15714,360,-0.002672068387893894,407,2,-0.0572,+39.247,65536.0
2021-12-01 17:27:19,-47,15710,349,-0.002990978142564381,412,1,-0.0567,+39.242,65536.0
2021-12-01 17:29:03,-51,15717,350,-0.003244078406112554,410,0,-0.0554,+39.243,65536.0
2021-12-01 17:34:13,-59,15708,354,-0.0037550767683852057,407,2,-0.0597,+39.223,65536.0
2021-12-01 17:37:42,-48,15712,359,-0.0030541831781042026,404,1,-0.0567,+39.240,65536.0
2021-12-02 11:37:27,124,15826,-37,0.007835026144130357,382,1,+1.0341,+35.166,65536.0
2021-12-02 11:40:49,140,15834,-90,0.008841359773339202,391,1,+1.0341,+36.694,65536.0
2021-12-02 11:49:25,154,15808,-58,0.009741529102790329,401,4,+1.0397,+38.483,65536.0
2021-12-02 11:51:11,156,15821,-73,0.009859887751410449,406,0,+1.0370,+38.725,65536.0
2021-12-02 11:52:57,152,15813,-63,0.009611971959718971,406,0,+1.0387,+38.825,65536.0
2021-12-02 11:54:45,149,15812,-54,0.009422889018562983,404,0,+1.0377,+38.963,65536.0
2021-12-02 11:59:58,160,15804,-42,0.010123637620115913,406,2,+1.0386,+39.142,65536.0
2021-12-02 12:05:08,161,15794,-40,0.010193358708067823,406,2,+1.0369,+39.230,65536.0
2021-12-02 12:10:18,151,15787,-50,0.009564492189617755,407,2,+1.0385,+39.243,65536.0
2021-12-02 12:13:45,147,15788,-19,0.00931059322648797,406,1,+1.0352,+39.279,65536.0
2021-12-02 12:18:57,135,15789,-12,0.008550045686676753,412,2,+1.0381,+39.277,65536.0
2021-12-02 12:27:35,138,15770,-307,0.008748911708084676,409,2,+2.0617,+39.307,65536.0
2021-12-02 12:29:23,131,15765,-306,0.008307790450983801,407,0,+2.0610,+39.331,65536.0
2021-12-02 12:32:50,133,15765,-300,0.008434682648633332,407,1,+2.0588,+39.319,65536.0
2021-12-02 12:34:40,132,15753,-307,0.008377569548822308,407,0,+2.0608,+39.332,65536.0
2021-12-02 12:36:28,132,15763,-311,0.00837221547902967,412,0,+2.0593,+39.331,65536.0
2021-12-02 12:38:13,134,15755,-308,0.008503406684950147,404,0,+2.0588,+39.304,65536.0
2021-12-02 12:41:44,123,15753,-314,0.007806327336261524,412,1,+2.0608,+39.302,65536.0
2021-12-02 12:48:38,112,15750,-311,0.007109605393805861,412,3,+2.0592,+39.300,65536.0
2021-12-02 12:50:26,110,15745,-314,0.006984842397766601,409,0,+2.0588,+39.322,65536.0
2021-12-02 12:55:34,100,15746,-312,0.006349487574033589,413,2,+2.0568,+39.302,65536.0
2021-12-02 12:59:01,101,15742,-303,0.00641468116250755,412,1,+2.0568,+39.295,65536.0
2021-12-02 13:02:32,101,15733,-308,0.0064183096027447175,409,1,+2.0592,+39.265,65536.0
2021-12-02 13:09:28,91,15734,-298,0.005782551708229624,410,1,+2.0574,+39.304,65536.0
2021-12-02 13:11:22,91,15728,-312,0.005784657012262368,409,0,+2.0613,+39.314,65536.0
2021-12-02 13:13:09,90,15720,-308,0.005724029744820771,412,0,+2.0599,+39.302,65536.0
2021-12-02 13:20:00,89,15732,-311,0.005656093673211117,407,3,+2.0596,+39.279,65536.0
2021-12-02 13:23:24,80,15726,-297,0.005086166029116828,413,1,+2.0590,+39.272,65536.0
2021-12-02 13:28:37,69,15725,-297,0.004387106756039922,407,2,+2.0581,+39.272,65536.0
2021-12-02 13:30:22,73,15719,-300,0.00464318240380313,409,0,+2.0567,+39.285,65536.0
2021-12-02 13:33:53,68,15728,-294,0.004322717406022844,407,1,+2.0597,+39.287,65536.0
2021-12-02 13:35:39,60,15724,-286,0.003815173395664818,409,0,+2.0610,+39.287,65536.0
2021-12-02 13:37:30,64,15719,-280,0.0040708375488916265,413,0,+2.0594,+39.260,65536.0
2021-12-02 13:39:16,62,15721,-280,0.003943123678458052,410,0,+2.0574,+39.275,65536.0
2021-12-02 13:44:24,58,15719,-280,0.0036892001705874705,410,2,+2.0583,+39.275,65536.0
2021-12-02 13:49:34,52,15720,-279,0.003307355120739446,410,2,+2.0576,+39.295,65536.0
2021-12-02 13:51:22,50,15720,-278,0.0031801536122119506,409,0,+2.0572,+39.264,65536.0
2021-12-02 13:56:36,47,15715,-290,0.002990255126206656,413,2,+2.0598,+39.235,65536.0
2021-12-02 14:05:06,37,15710,-274,0.0023548252920806076,406,4,+2.0580,+39.252,65536.0
2021-12-02 14:06:55,43,15710,-281,0.0027366655468496056,404,0,+2.0614,+39.248,65536.0
2021-12-02 14:10:24,36,15712,-273,0.0022908925707007103,412,1,+2.0597,+39.300,65536.0
2021-12-02 14:12:11,40,15706,-279,0.0025463901643216287,409,0,+2.0605,+39.267,65536.0
2021-12-02 14:17:22,41,15706,-280,0.0026100466764644907,406,2,+2.0576,+39.264,65536.0
2021-12-02 14:19:07,31,15712,-283,0.001972691731202814,406,0,+2.0585,+39.300,65536.0
2021-12-02 14:20:55,35,15712,-282,0.0022272343539524696,409,0,+2.0570,+39.274,65536.0
2021-12-02 14:24:23,28,15705,-279,0.0017825885410937773,410,1,+2.0596,+39.255,65536.0
2021-12-02 14:27:54,32,15705,-280,0.0020372410785324153,407,1,+2.0596,+39.280,65536.0
2021-12-02 15:40:05,0,15473,-2531,0.0,409,1,+9.9994,+39.275,65536.0
2021-12-02 15:41:55,-8,15470,-2533,-0.0005103342111432952,410,0,+9.9976,+39.262,65536.0
2021-12-02 15:43:40,-4,15476,-2532,-0.00025507340288285894,409,0,+10.0006,+39.267,65536.0
2021-12-02 15:47:11,-5,15472,-2533,-0.0003189187446799041,406,1,+9.9983,+39.237,65536.0
2021-12-02 15:49:01,-3,15472,-2532,-0.00019135322250886686,406,0,+10.0017,+39.227,65536.0
2021-12-02 15:52:28,-4,15472,-2533,-0.00025513499885787143,406,1,+9.9989,+39.200,65536.0
2021-12-02 15:57:36,-15,15476,-2526,-0.0009565840162921019,404,2,+10.0001,+39.220,65536.0
2021-12-02 15:59:26,-16,15470,-2533,-0.0010206681564628173,407,0,+10.0030,+39.210,65536.0
2021-12-02 16:01:12,-15,15470,-2535,-0.0009568567032339453,407,0,+10.0005,+39.198,65536.0
2021-12-02 16:06:24,-14,15475,-2538,-0.0008927576561194554,407,2,+10.0001,+39.223,65536.0
2021-12-02 16:08:09,-11,15471,-2541,-0.0007016073760583946,410,0,+10.0003,+39.221,65536.0
2021-12-02 16:11:40,-25,15473,-2527,-0.001594590528368961,406,1,+9.9999,+39.245,65536.0
2021-12-02 16:15:08,-23,15469,-2537,-0.0014672417531635853,406,1,+10.0026,+39.213,65536.0
2021-12-02 16:16:55,-19,15468,-2536,-0.001212158371705376,406,0,+9.9991,+39.198,65536.0
2021-12-02 17:10:57,-145,15489,-2671,-0.00922505762657152,315,1,+9.9995,+30.292,65536.0
2021-12-02 17:16:06,-148,15495,-2664,-0.00941308004589826,317,2,+9.9992,+30.245,65536.0
2021-12-02 17:22:12,-146,15496,-2659,-0.0092858014363096,315,1,+10.0000,+30.109,65536.0
2021-12-02 17:24:02,-154,15491,-2664,-0.009797123797087267,317,0,+10.0007,+30.111,65536.0
2021-12-02 17:25:53,-146,15502,-2664,-0.009281811078433193,312,0,+9.9993,+30.087,65536.0
2021-12-02 17:27:37,-152,15502,-2666,-0.009663023934638299,317,0,+9.9998,+30.097,65536.0
2021-12-02 17:31:04,-144,15490,-2658,-0.009162150282553414,313,1,+10.0014,+30.086,65536.0
2021-12-02 17:32:50,-153,15499,-2668,-0.009728211148559363,312,0,+10.0029,+30.040,65536.0
2021-12-02 17:34:38,-152,15494,-2658,-0.009668702524693753,317,0,+10.0007,+30.074,65536.0
2021-12-02 17:36:26,-152,15495,-2660,-0.009667888407707893,313,0,+10.0000,+30.054,65536.0
2021-12-02 17:38:16,-154,15493,-2660,-0.009796317553511569,304,0,+10.0025,+30.049,65536.0
2021-12-02 17:41:44,-147,15501,-2666,-0.009345765647627173,312,1,+10.0029,+30.027,65536.0
2021-12-02 17:46:54,-150,15504,-2656,-0.009535717228866182,312,2,+9.9988,+30.052,65536.0
2021-12-02 17:50:22,-157,15503,-2658,-0.009981099492322563,312,1,+10.0029,+30.057,65536.0
2021-12-02 17:53:52,-156,15497,-2658,-0.00992125962383506,312,1,+9.9988,+30.010,65536.0
2021-12-06 09:45:17,279,15803,-517,0.017643604276632408,307,1,+2.0278,+29.948,65536.0
2021-12-06 09:50:27,268,15806,-520,0.016944796143061356,312,2,+2.0283,+29.988,65536.0
2021-12-06 09:57:21,260,15798,-518,0.016447456306542037,310,3,+2.0248,+30.075,65536.0
2021-12-06 10:05:49,251,15790,-500,0.0158868364659721,313,4,+2.0232,+30.035,65536.0
2021-12-06 10:07:40,250,15793,-496,0.01582067679583391,307,0,+2.0256,+30.045,65536.0
2021-12-06 10:11:11,247,15791,-497,0.015632806136436618,309,1,+2.0256,+30.040,65536.0
2021-12-06 10:12:59,241,15788,-499,0.015255955643649264,310,0,+2.0252,+30.027,65536.0
2021-12-06 10:16:23,245,15788,-504,0.015508970420579778,315,1,+2.0254,+30.038,65536.0
2021-12-06 10:18:13,243,15771,-503,0.015398979347001502,310,0,+2.0261,+30.030,65536.0
2021-12-06 10:21:40,238,15778,-506,0.015075401440631648,317,1,+2.0231,+30.028,65536.0
2021-12-06 10:23:28,236,15772,-501,0.014954567635500618,315,0,+2.0256,+30.005,65536.0
2021-12-06 10:33:09,228,15773,-212,0.014452769579959838,312,1,+1.0115,+30.033,65536.0
2021-12-06 10:34:48,225,15768,-205,0.014267232463269676,313,0,+1.0140,+30.035,65536.0
2021-12-06 10:36:36,228,15777,-201,0.014449238305608833,310,0,+1.0124,+30.045,65536.0
2021-12-06 10:41:47,230,15770,-198,0.014582471244384184,317,2,+1.0125,+30.107,65536.0
2021-12-06 10:46:57,218,15773,-191,0.013819193698329383,312,2,+1.0140,+30.064,65536.0
2021-12-06 10:50:24,217,15773,-209,0.013755611925867129,317,1,+1.0145,+30.075,65536.0
2021-12-06 10:52:12,220,15767,-202,0.01395114321226071,315,0,+1.0113,+30.070,65536.0
2021-12-06 10:54:00,214,15765,-196,0.013572491172021717,313,0,+1.0122,+30.060,65536.0
2021-12-06 10:55:48,218,15769,-207,0.013822521203865037,313,0,+1.0162,+30.047,65536.0
2021-12-06 11:01:01,213,15761,-201,0.013512449611897617,318,2,+1.0104,+30.059,65536.0
2021-12-06 11:06:14,209,15758,-198,0.01326128014900407,315,2,+1.0125,+30.079,65536.0
2021-12-06 11:07:56,204,15759,-204,0.012943176522210966,312,0,+1.0102,+30.072,65536.0
2021-12-06 11:16:13,185,15755,84,0.011741597523037888,309,1,+0.0092,+30.084,65536.0
2021-12-06 11:19:43,179,15755,107,0.011360721750702043,312,1,+0.0103,+30.064,65536.0
2021-12-06 11:24:50,175,15752,100,0.0111090194779237,312,2,+0.0056,+30.067,65536.0
2021-12-06 11:28:17,172,15751,95,0.010919308982012875,310,1,+0.0078,+30.022,65536.0
2021-12-06 11:30:02,179,15749,96,0.011365100499987993,313,0,+0.0093,+30.000,65536.0
2021-12-06 11:33:33,177,15743,98,0.011242400664451296,313,1,+0.0051,+30.035,65536.0
2021-12-06 11:37:00,164,15737,94,0.010420736996851594,313,1,+0.0088,+29.995,65536.0
2021-12-06 11:38:50,165,15745,97,0.010478934868601174,309,0,+0.0102,+29.980,65536.0
2021-12-06 11:45:42,165,15744,98,0.010479596255720031,313,3,+0.0082,+29.986,65536.0
2021-12-06 11:50:50,146,15753,89,0.009267662669328554,312,2,+0.0088,+29.941,65536.0
2021-12-06 11:54:18,157,15741,92,0.009973452323340464,309,1,+0.0074,+29.931,65536.0
