2021-11-11 12:14:57,-583,16449,5533,-0.03358068423701022,65355,1,-17.8308,-18.449,-22.9
2021-11-11 12:16:36,-584,16452,5539,-0.03362902967495069,65352,0,-17.8306,-18.469,-23.0
2021-11-11 12:20:12,-582,16458,5532,-0.03350728438134437,65352,1,-17.8289,-18.464,-23.0
2021-11-11 12:26:56,-583,16456,5533,-0.03356786055724969,65352,3,-17.8282,-18.447,-22.9
2021-11-11 12:32:09,-579,16459,5532,-0.03333287628273073,65353,2,-17.8278,-18.473,-23.1
2021-11-11 12:33:57,-580,16445,5533,-0.033415308031552994,65355,0,-17.8287,-18.479,-23.1
2021-11-11 12:39:09,-582,16455,5533,-0.03351215413795922,65352,2,-17.8289,-18.459,-23.0
2021-11-11 12:42:34,-583,16450,5521,-0.03358624222899342,65348,1,-17.8268,-18.444,-22.8
2021-11-11 12:44:24,-588,16451,5527,-0.03386849545481709,65347,0,-17.8287,-18.461,-23.0
2021-11-11 12:46:12,-578,16450,5539,-0.033287414295469296,65355,0,-18.1494,-18.463,-23.0
2021-11-11 12:49:38,-569,16965,3346,-0.0328938687621064,65352,1,-10.0176,-18.431,-23.3
2021-11-11 12:51:29,-571,16958,3338,-0.033025463947157746,65352,0,-10.0167,-18.426,-23.3
2021-11-11 12:54:55,-568,16969,3349,-0.03282755395593219,65350,1,-10.0160,-18.422,-23.3
2021-11-11 12:56:43,-580,16967,3350,-0.033524004904118,65353,0,-10.0162,-18.417,-23.1
2021-11-11 13:03:39,-573,16975,3346,-0.033106169895415774,65353,3,-10.0162,-18.397,-23.1
2021-11-11 13:08:48,-576,16966,3342,-0.033297841823613145,65355,2,-10.0144,-18.432,-23.2
2021-11-11 13:10:35,-574,16969,3341,-0.033177036487545844,65353,0,-10.0137,-18.409,-23.1
2021-11-11 13:19:10,-578,16974,3344,-0.03339747898921542,65355,4,-10.0128,-18.394,-23.3
2021-11-11 13:22:38,-576,16974,3347,-0.033280887068263786,65356,1,-10.0101,-18.429,-23.2
2021-11-11 13:26:06,-571,16967,3351,-0.03300381604544193,65352,1,-10.0128,-18.389,-23.1
2021-11-11 13:29:36,-575,16969,3342,-0.03323442268413142,65353,1,-10.0114,-18.421,-23.2
2021-11-11 13:31:24,-580,16973,3342,-0.03351560236190474,65355,0,-10.0107,-18.397,-23.0
2021-11-11 13:34:52,-590,17232,1025,-0.03416491624576323,65348,1,-2.0526,-18.407,-22.9
2021-11-11 13:46:48,-595,17222,1030,-0.03447354631919266,65355,6,-2.0492,-18.402,-22.9
2021-11-11 14:54:39,-596,17227,1018,-0.03452288346366967,65355,1,-2.0423,-18.431,-23.2
2021-11-11 14:57:58,-598,17227,1007,-0.03463993404736398,65353,1,-2.0427,-18.409,-23.0
2021-11-11 14:59:49,-603,17217,1019,-0.03494810605709792,65355,0,-2.0441,-18.429,-23.1
2021-11-11 15:01:39,-604,17217,1028,-0.03500493272841609,65355,0,-2.0418,-18.414,-23.0
2021-11-11 15:05:04,-600,17224,1010,-0.03476136865107032,65353,1,-2.0421,-18.439,-23.2
2021-11-11 15:08:32,-599,17215,1004,-0.034722250726408006,65348,1,-2.0459,-18.439,-23.1
2021-11-11 15:10:20,-598,17217,1009,-0.03465973430525533,65355,0,-2.0439,-18.431,-23.0
2021-11-11 15:13:50,-595,17224,1005,-0.03447250386548436,65352,1,-2.0448,-18.441,-23.1
2021-11-11 15:17:18,-600,17220,1005,-0.03476999732576018,65355,1,-2.0421,-18.439,-22.5
2021-11-11 15:20:51,-602,17222,1006,-0.034881651422656035,65353,1,-2.0410,-18.444,-23.1
2021-11-11 15:22:39,-602,17223,1011,-0.034879044235668503,65350,0,-2.0446,-18.442,-23.0
2021-11-11 15:29:29,-597,17222,1008,-0.0345919348343156,65360,3,-2.0425,-18.395,-23.1
2021-11-11 15:58:11,-596,17232,697,-0.03454480933129414,65350,1,-0.9772,-18.441,-23.0
2021-11-11 15:59:59,-605,17233,703,-0.035063510295502844,65356,0,-0.9759,-18.446,-23.0
2021-11-11 16:03:27,-611,17239,701,-0.035398831241045405,65353,1,-0.9754,-18.449,-23.0
2021-11-11 16:06:58,-606,17232,714,-0.035122532472201776,65348,1,-0.9770,-18.464,-23.2
2021-11-11 16:10:25,-600,17229,697,-0.03478250811313169,65352,1,-0.9727,-18.446,-23.1
2021-11-11 16:12:07,-602,17228,708,-0.03489947017487019,65355,0,-0.9747,-18.452,-23.1
2021-11-11 16:17:22,-599,17242,704,-0.03469789529786529,65353,2,-0.9763,-18.405,-23.1
2021-11-11 16:19:06,-603,17229,709,-0.0349552883993832,65353,0,-0.9756,-18.410,-23.3
2021-11-11 16:20:54,-604,17230,700,-0.03501192893314526,65353,0,-0.9740,-18.414,-23.1
2021-11-11 16:24:26,-604,17231,693,-0.03501047551697569,65352,1,-0.9743,-18.415,-23.0
2021-11-11 16:26:14,-607,17231,704,-0.035183317227928126,65353,0,-0.9736,-18.421,-23.4
2021-11-11 16:29:39,-595,17234,706,-0.03448217054057755,65350,1,-0.9738,-18.422,-23.0
2021-11-11 16:33:11,-595,17234,434,-0.03450013991807053,65355,1,+0.0035,-18.419,-23.1
2021-11-11 16:34:59,-593,17231,433,-0.03439029269237959,65348,0,+0.0008,-18.421,-23.0
2021-11-11 16:40:07,-602,17239,434,-0.03489558680040101,65348,2,+0.0033,-18.421,-22.8
2021-11-11 16:43:35,-602,17240,431,-0.034893717726432114,65350,1,+0.0019,-18.427,-23.1
2021-11-11 16:45:23,-604,17240,429,-0.035009650308901415,65350,0,+0.0025,-18.474,-22.9
2021-11-11 16:48:56,-593,17236,427,-0.03438062870141968,65350,1,+0.0026,-18.446,-22.9
2021-11-11 16:54:03,-608,17238,438,-0.035244931803608326,65352,2,+0.0019,-18.451,-23.2
2021-11-11 16:55:54,-602,17236,435,-0.03490160077951274,65352,0,+0.0037,-18.446,-22.7
2021-11-11 16:59:23,-596,17237,422,-0.034552667631338095,65347,1,+0.0012,-18.458,-23.3
2021-11-11 17:01:11,-598,17233,430,-0.03467616182082926,65345,0,+0.0010,-18.456,-23.3
2021-11-11 17:02:54,-601,17228,428,-0.0348601825225492,65350,0,+0.0019,-18.464,-23.2
2021-11-11 17:08:05,-601,17237,425,-0.034842156655829216,65348,2,+0.0035,-18.439,-22.9
2021-11-15 09:24:58,-391,17167,217,-0.022770501074589135,65345,5,+1.0084,-18.481,65536.0
2021-11-15 09:28:29,-389,17155,188,-0.022670358687645976,65347,1,+1.0111,-18.476,65536.0
2021-11-15 09:32:00,-398,17154,172,-0.02319625814334072,65348,1,+1.0100,-18.473,-23.6
2021-11-15 09:35:25,-390,17181,166,-0.022694537173588034,65345,1,+1.0102,-18.515,-23.4
2021-11-15 09:37:13,-390,17181,183,-0.02269430920626819,65347,0,+1.0115,-18.533,-23.2
2021-11-15 09:47:27,-400,17209,162,-0.02323843773455437,65347,5,+1.0129,-18.550,-23.3
2021-11-15 09:49:14,-396,17212,191,-0.02300173039651681,65345,0,+1.0108,-18.555,65536.0
2021-11-15 09:51:02,-401,17207,209,-0.02329853367465873,65344,0,+1.0133,-18.540,-23.3
2021-11-15 09:57:59,-393,17211,209,-0.02282858402589653,65342,3,+1.0126,-18.594,-23.1
2021-11-15 10:19:15,-394,17223,201,-0.022870839955739217,65345,1,+1.0160,-18.557,-23.3
2021-11-15 10:22:46,-395,17225,207,-0.0229261119405692,65347,1,+1.0117,-18.552,-23.7
2021-11-15 10:24:32,-400,17221,240,-0.02322102488429943,65350,0,+1.0133,-18.532,-23.3
2021-11-15 10:28:04,-399,17228,250,-0.02315339580548957,65347,1,+1.0140,-18.575,-23.4
2021-11-15 10:31:33,-410,17227,199,-0.02379377005768369,65347,1,+1.0144,-18.570,-23.2
2021-11-15 10:35:02,-410,17219,198,-0.023804834994721958,65350,1,+1.0131,-18.553,-23.9
2021-11-15 10:43:07,-400,17218,-110,-0.02322685007466854,65350,1,+2.0228,-18.567,-23.8
2021-11-15 10:44:47,-400,17219,-98,-0.02322559942863243,65347,0,+2.0232,-18.595,-23.6
2021-11-15 10:49:59,-401,17219,-72,-0.023283815954905304,65352,2,+2.0221,-18.626,-23.4
2021-11-15 10:58:33,-409,17226,-102,-0.02373830278452056,65350,4,+2.0224,-18.567,-23.5
2021-11-15 11:02:03,-396,17222,-112,-0.022989307987930235,65347,1,+2.0230,-18.580,-23.4
2021-11-15 11:05:31,-407,17224,-79,-0.02362517387372235,65348,1,+2.0221,-18.577,-23.5
2021-11-15 11:10:41,-406,17219,-77,-0.0235740013564015,65345,2,+2.0233,-18.548,-23.5
2021-11-15 11:15:51,-399,17220,-100,-0.023166195906210607,65350,2,+2.0232,-18.595,65536.0
2021-11-15 11:19:17,-396,17222,-82,-0.022989533456863408,65348,1,+2.0210,-18.553,-23.4
2021-11-15 11:21:07,-400,17216,-86,-0.023229731546330238,65347,0,+2.0237,-18.567,-23.4
2021-11-15 11:22:55,-398,17224,-84,-0.023102906134224246,65348,0,+2.0260,-18.570,-23.3
2021-11-15 11:36:46,-394,16988,-2407,-0.02295944988520389,65345,1,+10.0555,-18.542,-23.2
2021-11-15 11:48:32,-406,16985,-2403,-0.023663333608930852,65345,6,+10.0616,-18.594,-23.4
2021-11-15 11:52:03,-400,16983,-2411,-0.02331492207946445,65350,1,+10.0621,-18.585,-23.7
2021-11-15 11:55:30,-405,16984,-2419,-0.02360334003597831,65345,1,+10.0616,-18.587,-23.2
2021-11-15 11:57:18,-405,16986,-2443,-0.023595942727644648,65347,0,+10.0630,-18.563,-23.3
2021-11-15 12:00:48,-401,16977,-2421,-0.02337936223258741,65347,1,+10.0630,-18.577,-23.4
2021-11-15 12:04:16,-399,16986,-2417,-0.02325148715621951,65345,1,+10.0655,-18.579,-23.2
2021-11-15 12:09:30,-402,16984,-2442,-0.023424117510673526,65348,2,+10.0648,-18.572,-23.4
2021-11-15 12:12:55,-399,16994,-2420,-0.023240190275712537,65347,1,+10.0657,-18.585,-23.3
2021-11-15 12:16:25,-408,16989,-2421,-0.02377086696579227,65345,1,+10.0685,-18.621,-23.3
2021-11-15 12:19:53,-410,16988,-2433,-0.023886362674426367,65347,1,+10.0667,-18.560,-23.3
2021-11-15 13:02:10,-263,16793,-2473,-0.015492940742703801,65450,1,+10.0848,-9.113,65536.0
2021-11-15 13:03:52,-263,16798,-2471,-0.015488693347447959,65448,0,+10.0852,-9.122,-12.9
2021-11-15 13:05:42,-263,16796,-2469,-0.015490763793966005,65450,0,+10.0852,-9.103,-12.6
2021-11-15 13:10:46,-258,16798,-2477,-0.015193495053911103,65448,2,+10.0848,-9.101,-13.1
2021-11-15 13:15:59,-259,16802,-2467,-0.015250128980036384,65447,2,+10.0850,-9.076,65536.0
2021-11-15 13:21:12,-260,16800,-2471,-0.015310260029206484,65448,2,+10.0848,-9.071,-13.0
2021-11-15 13:22:55,-266,16801,-2489,-0.015660180629620993,65452,0,+10.0834,-9.086,-12.7
2021-11-15 13:29:53,-261,16797,-2463,-0.015372875247900921,65452,3,+10.0853,-9.066,-12.8
2021-11-15 13:33:18,-269,16800,-2463,-0.015841227523507653,65450,1,+10.0850,-9.059,65536.0
2021-11-15 13:35:07,-268,16801,-2476,-0.015779672041190008,65453,0,+10.0862,-9.046,-12.7
2021-11-15 13:38:39,-267,16799,-2471,-0.01572330824388937,65453,1,+10.0873,-9.061,-13.0
2021-11-15 14:14:02,-258,17045,-122,-0.015134860209124504,65452,1,+1.9765,-9.068,-12.7
2021-11-15 14:15:45,-260,17036,-123,-0.015260216092190517,65450,0,+1.9758,-9.063,-12.8
2021-11-15 14:19:12,-256,17035,-129,-0.015026321865684868,65453,1,+1.9777,-9.044,-12.7
2021-11-15 14:20:57,-257,17033,-132,-0.015086760092763914,65455,0,+1.9765,-9.046,-12.7
2021-11-15 14:26:08,-265,17041,-131,-0.01554901789758294,65452,2,+1.9770,-9.044,-13.0
2021-11-15 14:28:02,-254,17036,-127,-0.014908084373215962,65458,0,+1.9747,-9.053,-12.8
2021-11-15 14:29:43,-259,17039,-133,-0.015198789086395175,65452,0,+1.9756,-9.086,-12.9
2021-11-15 14:33:13,-251,17032,-121,-0.014735527203807785,65452,1,+1.9752,-9.058,-12.9
2021-11-15 14:35:01,-252,17035,-119,-0.014791633295363465,65448,0,+1.9745,-9.073,-12.7
2021-11-15 14:40:10,-248,17039,-129,-0.014553400094183235,65450,2,+1.9736,-9.078,-12.7
2021-11-15 14:43:43,-254,17039,-124,-0.01490547941670093,65452,1,+1.9763,-9.078,-12.8
2021-11-15 14:45:29,-252,17040,-123,-0.014787269227923094,65445,0,+1.9760,-9.116,-12.8
2021-11-15 14:59:35,-256,17046,155,-0.015016436441654575,65452,1,+0.9992,-9.079,-13.0
2021-11-15 15:01:25,-253,17055,148,-0.014832713036755294,65452,0,+1.0030,-9.088,-12.7
2021-11-15 15:04:56,-264,17056,154,-0.015476557333279208,65448,1,+0.9987,-9.096,-13.0
2021-11-15 15:08:21,-260,17062,157,-0.015236717475521768,65450,1,+1.0001,-9.091,-13.2
2021-11-15 15:10:08,-260,17061,152,-0.015237650764664103,65448,0,+1.0024,-9.071,-12.9
2021-11-15 15:13:42,-263,17054,158,-0.015419717940540277,65452,1,+0.9983,-9.085,-12.6
2021-11-15 15:17:07,-262,17053,144,-0.015362109288911597,65453,1,+1.0014,-9.086,65536.0
2021-11-15 15:18:54,-255,17053,148,-0.014951703241557191,65450,0,+0.9997,-9.083,-13.1
2021-11-15 15:20:42,-252,17052,148,-0.014776692928681159,65456,0,+1.0014,-9.085,-13.0
2021-11-15 15:22:31,-253,17053,149,-0.014834444678622799,65452,0,+1.0026,-9.068,-13.0
2021-11-15 15:32:44,-256,17045,150,-0.01501735662799593,65453,5,+0.9972,-9.085,-12.8
2021-11-15 15:34:31,-248,17062,154,-0.014533609063768113,65445,0,+0.9999,-9.108,-13.3
2021-11-15 15:36:22,-251,17061,150,-0.014710286333886834,65448,0,+0.9986,-9.054,-13.0
2021-11-15 15:39:49,-257,17059,152,-0.015063623909687051,65445,1,+1.0001,-9.036,-13.1
2021-11-15 15:43:20,-255,17055,153,-0.014949911616233536,65450,1,+1.0026,-9.037,-12.9
2021-11-15 16:10:33,-256,17061,436,-0.01499895995423679,65452,1,-0.0408,-9.024,65536.0
2021-11-15 16:12:12,-258,17072,440,-0.01510629887687408,65448,0,-0.0352,-9.029,-13.0
2021-11-15 16:19:02,-247,17070,433,-0.014464168337694337,65452,3,-0.0354,-9.027,-13.2
2021-11-15 16:22:31,-259,17072,441,-0.015164818562577613,65452,1,-0.0390,-9.036,-12.7
2021-11-15 16:29:24,-255,17066,443,-0.014935847630976454,65450,3,-0.0367,-9.043,-13.2
2021-11-15 16:32:52,-257,17069,440,-0.015050398783022617,65453,1,-0.0367,-9.039,65536.0
2021-11-15 16:38:09,-255,17066,440,-0.014935915498841369,65450,2,-0.0390,-9.006,-13.1
2021-11-15 16:39:54,-260,17063,442,-0.015231360949023687,65455,0,-0.0401,-8.980,-13.1
2021-11-15 16:43:24,-245,17065,442,-0.014351072186100364,65453,1,-0.0412,-8.963,-13.0
2021-11-15 16:45:09,-239,17068,448,-0.013997076953116572,65455,0,-0.0396,-8.962,65536.0
2021-11-15 16:46:57,-248,17071,442,-0.014521673394598093,65452,0,-0.0405,-8.963,-13.2
2021-11-15 16:48:42,-245,17072,447,-0.014345083291456152,65448,0,-0.0401,-8.999,-13.0
2021-11-16 10:07:57,-251,17102,716,-0.014662749379681388,65450,2,-1.0733,-9.048,-12.9
2021-11-16 10:11:26,-237,17112,719,-0.01383683720996812,65448,1,-1.0751,-9.059,-12.9
2021-11-16 10:14:51,-238,17106,718,-0.01390011163968284,65453,1,-1.0727,-9.096,-12.8
2021-11-16 10:21:44,-242,17103,723,-0.014135996813814958,65452,3,-1.0750,-9.096,-12.8
2021-11-16 10:25:11,-242,17108,721,-0.014131942918631032,65452,1,-1.0732,-9.088,-12.9
2021-11-16 10:28:40,-238,17107,714,-0.013899436403768159,65453,1,-1.0756,-9.088,-13.0
2021-11-16 10:32:14,-236,17101,724,-0.013787137648327506,65452,1,-1.0729,-9.081,-12.8
2021-11-16 10:42:34,-239,17109,730,-0.013955651525730223,65452,1,-1.0718,-9.063,-12.9
2021-11-16 10:46:00,-239,17113,726,-0.013952534341689674,65448,1,-1.0741,-9.091,-13.3
2021-11-16 10:47:48,-233,17107,726,-0.013607066895780461,65453,0,-1.0736,-9.078,-12.8
2021-11-16 10:49:35,-233,17102,724,-0.013611104808758991,65452,0,-1.0729,-9.074,-12.6
2021-11-16 10:53:09,-235,17104,721,-0.013726423059428044,65453,1,-1.0777,-9.100,-12.9
2021-11-16 10:59:59,-235,17102,720,-0.01372805900600961,65447,3,-1.0738,-9.088,-12.8
2021-11-16 11:01:45,-229,17104,721,-0.013376003542589653,65450,0,-1.0741,-9.085,-12.9
2021-11-16 11:03:33,-229,17105,722,-0.013375190108355245,65453,0,-1.0729,-9.068,-12.7
2021-11-16 11:07:03,-232,17104,727,-0.013551012882324123,65448,1,-1.0709,-9.063,-12.8
2021-11-16 11:10:29,-234,17105,723,-0.013667155164736527,65447,1,-1.0725,-9.073,-13.0
2021-11-16 11:17:23,-228,17107,722,-0.013315236154828512,65448,3,-1.0758,-9.090,-12.5
2021-11-16 11:19:09,-226,17105,722,-0.013199989765212583,65448,0,-1.0745,-9.058,-12.7
2021-11-16 11:22:40,-235,17106,724,-0.013724719770105769,65445,1,-1.0702,-9.071,-12.3
2021-11-16 11:26:08,-234,17106,719,-0.013666492160254843,65450,1,-1.0749,-9.086,-12.4
2021-11-16 11:31:22,-230,17103,726,-0.01343502520303334,65453,2,-1.0732,-9.083,-12.6
2021-11-16 11:33:05,-222,17116,727,-0.012957910707720798,65453,0,-1.0707,-9.085,-12.8
2021-11-16 11:34:52,-229,17111,729,-0.013370277499847939,65448,0,-1.0727,-9.049,-12.8
2021-11-16 11:36:40,-232,17099,728,-0.013554934102169758,65452,0,-1.0763,-9.078,-12.6
2021-11-16 11:38:28,-228,17108,728,-0.013314261819663149,65445,0,-1.0732,-9.088,-12.5
2021-11-16 11:40:19,-229,17114,726,-0.013368037701812201,65450,0,-1.0740,-9.063,-12.6
2021-11-16 11:45:27,-231,17102,725,-0.013494252172412093,65452,2,-1.0733,-9.053,-12.7
2021-11-16 11:48:55,-231,17107,719,-0.013490514964345479,65445,1,-1.0727,-9.079,-12.8
2021-11-16 11:50:43,-231,17102,717,-0.013494517792294965,65453,0,-1.0731,-9.059,-12.4
2021-11-16 11:52:35,-231,17110,714,-0.013488318797809018,65448,0,-1.0725,-9.066,-12.7
2021-11-16 11:59:31,-224,17103,720,-0.013084780501076811,65450,1,-1.0707,-9.051,-12.5
2021-11-16 12:01:22,-221,17107,723,-0.012906449356569493,65448,0,-1.0740,-9.053,-12.6
2021-11-16 12:03:07,-227,17110,724,-0.013254457510479867,65448,0,-1.0749,-9.044,-12.9
2021-11-16 12:06:38,-228,17108,727,-0.013314294850243127,65453,1,-1.0740,-9.049,-12.6
2021-11-16 12:10:03,-230,17109,727,-0.013430289405661223,65452,1,-1.0736,-9.053,-12.5
2021-11-16 12:11:55,-236,17107,716,-0.013782582049886874,65450,0,-1.0733,-9.037,-12.5
2021-11-16 12:13:42,-233,17105,730,-0.013608519661566822,65453,0,-1.0743,-9.066,-12.9
2021-11-16 12:17:11,-224,17105,718,-0.013083317627165194,65456,1,-1.0747,-9.043,-12.5
2021-11-16 12:18:59,-228,17113,719,-0.013310674595897432,65456,0,-1.0725,-9.079,-12.7
2021-11-16 12:24:07,-233,17107,723,-0.013607167762104124,65452,2,-1.0742,-9.051,-12.7
2021-11-16 12:29:18,-230,17103,726,-0.01343502520303334,65452,2,-1.0761,-9.069,-12.5
2021-11-16 12:31:04,-227,17107,723,-0.013256810186726354,65452,0,-1.0720,-9.019,-12.5
2021-11-16 12:32:52,-230,17107,718,-0.013432154422123893,65452,0,-1.0731,-9.064,-12.7
2021-11-16 12:36:22,-229,17113,722,-0.013368949319368734,65452,1,-1.0725,-9.078,-13.0
2021-11-16 12:43:13,-223,17113,724,-0.013018647121347536,65455,3,-1.0723,-9.090,-12.7
2021-11-16 12:46:44,-222,17106,726,-0.012965503403537514,65452,1,-1.0712,-9.103,-12.7
2021-11-16 12:48:29,-222,17104,715,-0.012967367223644645,65455,0,-1.0723,-9.105,-12.7
2021-11-16 12:54:50,-227,17089,1018,-0.013259115147111719,65453,1,-2.0951,-9.118,-12.8
2021-11-16 12:56:31,-218,17092,1014,-0.012731430971299808,65452,0,-2.0962,-9.111,-12.8
2021-11-16 12:58:22,-223,17097,1023,-0.013019201935078611,65452,0,-2.0939,-9.088,-12.8
2021-11-16 13:00:10,-221,17100,1029,-0.01289992496861974,65452,0,-2.0928,-9.113,-12.5
2021-11-16 13:01:55,-225,17101,1023,-0.013132891457785945,65455,0,-2.0941,-9.088,-12.5
2021-11-16 13:08:45,-214,17100,1025,-0.01249154809774406,65450,3,-2.0919,-9.093,-12.5
2021-11-16 13:10:33,-215,17102,1027,-0.012548363742234718,65452,0,-2.0934,-9.076,-12.8
2021-11-16 13:17:27,-213,17094,1023,-0.012437617229738115,65452,3,-2.0974,-9.037,-13.0
2021-11-16 13:19:17,-220,17097,1023,-0.012844075113989706,65453,0,-2.0963,-9.029,-13.1
2021-11-16 13:26:08,-218,17100,1020,-0.012725231674609172,65453,3,-2.0972,-9.027,-12.7
2021-11-16 13:27:53,-218,17107,1017,-0.012720175981462419,65447,0,-2.1001,-9.011,-12.9
2021-11-16 13:34:43,-195,16844,3340,-0.01135523897137872,65453,3,-9.9901,-9.021,-12.8
2021-11-16 13:36:34,-195,16846,3340,-0.011353941952761428,65450,0,-9.9912,-9.007,-12.8
2021-11-16 13:38:22,-197,16843,3342,-0.011472088098413599,65448,0,-9.9912,-9.006,-12.5
2021-11-16 13:40:07,-197,16836,3342,-0.011476676724870481,65448,0,-9.9915,-8.994,-12.8
2021-11-16 13:41:55,-197,16833,3344,-0.011478383830836205,65450,0,-9.9921,-8.969,-12.8
2021-11-16 13:45:23,-190,16843,3335,-0.011065361306970254,65448,1,-9.9914,-8.952,-13.0
2021-11-16 13:48:53,-194,16841,3336,-0.011299459822796504,65450,1,-9.9910,-8.982,-12.7
2021-11-16 13:52:22,-192,16839,3341,-0.011183624829875689,65447,1,-9.9944,-8.979,-12.7
2021-11-16 13:54:13,-196,16843,3343,-0.011413729844387743,65450,0,-9.9907,-8.974,65536.0
2021-11-16 13:59:20,-198,16833,3338,-0.01153742978177113,65450,2,-9.9916,-8.958,-12.6
2021-11-16 14:02:51,-188,16843,3340,-0.01094827352340221,65453,1,-9.9933,-8.974,-12.9
2021-11-16 14:07:58,-194,16844,3343,-0.011296627946725018,65448,2,-9.9921,-8.977,-12.5
2021-11-16 17:06:22,-90,16655,3304,-0.005300441223406375,17,1,-10.0064,+0.894,-2.5
2021-11-16 17:09:49,-78,16656,3292,-0.004594091677184664,22,1,-10.0066,+0.860,-2.8
2021-11-16 17:13:20,-89,16650,3299,-0.0052433632980675125,19,1,-10.0062,+0.870,-2.5
2021-11-16 17:16:45,-84,16655,3301,-0.004947254456981662,17,1,-10.0103,+0.879,-2.6
2021-11-16 17:20:15,-83,16650,3292,-0.004890275541749972,17,1,-10.0068,+0.902,-2.6
2021-11-16 17:23:48,-76,16653,3292,-0.004477072108415567,19,1,-10.0064,+0.897,-2.6
2021-11-16 17:27:16,-79,16656,3287,-0.004653254952600441,17,1,-10.0064,+0.894,-2.7
2021-11-16 17:30:46,-85,16658,3299,-0.0050053964258181365,19,1,-10.0046,+0.887,-2.6
2021-11-16 17:34:13,-83,16655,3299,-0.004888471430464066,19,1,-10.0100,+0.906,-2.6
2021-11-16 17:36:01,-78,16657,3299,-0.004593458706042492,19,0,-10.0091,+0.906,-2.6
2021-11-16 17:42:51,-83,16656,3289,-0.004888747599058249,17,3,-10.0055,+0.902,-2.8
2021-11-17 09:22:32,44,17008,787,0.002584246990324186,19,2,-1.9854,+0.778,-2.8
2021-11-17 09:24:15,47,17008,793,0.0027603996476724436,17,0,-1.9867,+0.779,-3.0
2021-11-17 09:32:50,30,16968,770,0.0017662144581804665,19,4,-1.9836,+0.806,-2.8
2021-11-17 09:36:20,22,16958,768,0.0012959936874306626,19,1,-1.9822,+0.768,-2.8
2021-11-17 09:41:31,-10,16947,780,-0.0005894508614772749,19,2,-1.9843,+0.778,-2.7
2021-11-17 09:43:18,-11,16947,779,-0.0006483976879715752,17,0,-1.9833,+0.803,-2.7
2021-11-17 09:50:13,-30,16941,790,-0.0017689276366594628,19,3,-1.9822,+0.827,-2.6
2021-11-17 09:55:20,-41,16940,798,-0.002417621252200726,20,2,-1.9851,+0.806,-2.8
2021-11-17 09:57:06,-37,16933,784,-0.002182740593708762,22,0,-1.9852,+0.749,-2.6
2021-11-17 09:58:52,-43,16943,793,-0.0025351405908750867,20,0,-1.9852,+0.771,-2.7
2021-11-17 12:43:13,-114,16913,636,-0.0067355147092414535,20,1,-0.9918,+1.037,-2.7
2021-11-17 12:44:58,-118,16915,637,-0.006971002397147955,20,0,-0.9896,+0.988,-2.8
2021-11-17 12:48:25,-115,16923,633,-0.006790632211424771,19,1,-0.9915,+0.921,-2.7
2021-11-17 12:50:15,-114,16919,638,-0.00673309960773225,22,0,-0.9909,+0.867,-3.0
2021-11-17 12:52:01,-112,16920,631,-0.006614690613805719,19,0,-0.9889,+0.840,-2.7
2021-11-17 12:57:16,-112,16922,643,-0.006613733640395622,22,2,-0.9905,+0.815,-2.6
2021-11-17 13:00:38,-112,16907,642,-0.006619607602600229,22,1,-0.9892,+0.779,-2.7
2021-11-17 13:04:04,-110,16914,628,-0.006498918632246978,22,1,-0.9883,+0.763,-2.6
2021-11-17 13:05:54,-115,16916,632,-0.006793453218748674,22,0,-0.9856,+0.748,-2.8
2021-11-17 13:09:26,-118,16918,634,-0.006969814406604306,19,1,-0.9908,+0.758,-2.7
2021-11-17 13:11:11,-114,16917,634,-0.006733954242963008,20,0,-0.9919,+0.781,-2.6
2021-11-17 13:13:00,-120,16915,636,-0.007089166802393276,17,0,-0.9921,+0.717,-2.8
2021-11-17 13:46:59,-116,16922,358,-0.006853340848754714,19,1,+0.0714,+0.790,-2.5
2021-11-17 13:48:47,-115,16921,344,-0.0067947800480054965,19,0,+0.0723,+0.774,-2.7
2021-11-17 13:58:56,-120,16916,349,-0.007092247422808686,17,5,+0.0701,+0.820,-2.6
2021-11-17 14:02:26,-115,16918,354,-0.006795901575341591,22,1,+0.0739,+0.832,-2.6
2021-11-17 14:04:16,-118,16918,362,-0.00697311054824905,20,0,+0.0726,+0.825,-2.6
2021-11-17 14:07:46,-118,16922,349,-0.006971575521850351,20,1,+0.0752,+0.815,-2.5
2021-11-17 14:12:52,-121,16922,354,-0.007148769148159602,20,2,+0.0716,+0.781,-2.7
2021-11-17 14:16:25,-121,16921,349,-0.007149235291169774,22,1,+0.0743,+0.805,-2.5
2021-11-17 14:18:10,-123,16912,350,-0.00727125714657845,22,0,+0.0735,+0.813,-2.5
2021-11-17 14:20:00,-124,16919,352,-0.007327321555679413,22,0,+0.0739,+0.818,-2.8
2021-11-17 14:23:25,-125,16917,352,-0.007387283561239006,17,1,+0.0723,+0.821,-2.7
2021-11-17 15:05:14,-121,16914,98,-0.007153594953339536,19,2,+0.9707,+0.783,-2.7
2021-11-17 15:08:47,-122,16917,102,-0.007211424462655008,17,1,+0.9734,+0.798,-2.7
2021-11-17 17:28:04,-116,16913,108,-0.006858382091135355,19,1,+0.9727,+0.832,65536.0
2021-11-17 17:33:05,-114,16913,109,-0.006740135180337162,20,2,+0.9684,+0.808,-2.6
2021-11-17 17:34:56,-117,16912,105,-0.006917920923494506,19,0,+0.9702,+0.811,-2.6
2021-11-17 17:38:23,-117,16909,103,-0.0069191532499370476,16,1,+0.9703,+0.858,-2.5
2021-11-17 17:41:54,-116,16918,103,-0.00685636792438921,19,1,+0.9730,+0.837,-2.8
2021-11-17 17:43:38,-118,16913,107,-0.006976628875451099,16,0,+0.9725,+0.848,-2.5
2021-11-17 17:45:29,-118,16903,109,-0.006980750749035726,17,0,+0.9725,+0.833,65536.0
2021-11-17 17:47:17,-116,16915,105,-0.006857578883661122,22,0,+0.9757,+0.852,-2.6
2021-11-17 17:49:07,-112,16916,103,-0.006620731107874822,20,0,+0.9712,+0.885,-2.4
2021-11-17 17:52:34,-113,16914,108,-0.006680620517342181,19,1,+0.9737,+0.922,-2.6
2021-11-17 17:54:23,-108,16911,105,-0.006386165816181596,20,0,+0.9703,+0.877,-2.3
2021-11-17 17:56:11,-111,16908,101,-0.006564728243739804,20,0,+0.9730,+0.864,-2.6
2021-11-22 09:41:40,221,17134,-72,0.012897501729901577,19,1,+1.9934,+0.514,-3.3
2021-11-22 09:48:22,305,17143,-77,0.017789462119093716,19,3,+1.9938,+0.502,-3.6
2021-11-22 09:50:10,300,17148,-82,0.017492767093014238,14,0,+1.9929,+0.495,-3.7
2021-11-22 09:52:00,299,17156,-88,0.017426311494388922,12,0,+1.9942,+0.485,-3.5
2021-11-22 09:58:49,289,17166,-102,0.01683371780595841,16,3,+1.9949,+0.497,-3.7
2021-11-22 10:05:41,316,17183,-138,0.01838760380660679,17,3,+1.9927,+0.492,-3.7
2021-11-22 10:12:34,320,17189,-188,0.018613293864340394,14,3,+1.9927,+0.473,-3.8
2021-11-22 10:22:47,311,17189,-257,0.018088971246959552,16,5,+1.9929,+0.492,-3.6
2021-11-22 10:24:38,306,17186,-261,0.017801256793051765,16,0,+1.9958,+0.480,-3.8
2021-11-22 10:29:48,299,17182,-321,0.017397140797073673,16,2,+1.9911,+0.505,-3.3
2021-11-22 10:31:34,293,17180,-332,0.017049878837737804,19,0,+1.9949,+0.489,-3.6
2021-11-22 10:50:55,185,16771,-2792,0.010880761955078692,22,1,+9.9922,+0.478,-3.6
2021-11-22 10:52:35,178,16768,-2788,0.010471314903908088,20,0,+9.9956,+0.492,-3.3
2021-11-22 10:59:26,69,16755,-2718,0.004065012101165425,19,3,+9.9967,+0.483,-3.5
2021-11-22 11:01:13,57,16745,-2718,0.0033600132795575995,17,0,+9.9988,+0.497,-3.4
2021-11-22 11:08:09,37,16744,-2707,0.0021814191244857537,22,3,+9.9995,+0.468,-3.5
2021-11-22 11:11:41,30,16733,-2692,0.0017701017296143685,16,1,+10.0004,+0.482,-3.3
2021-11-22 11:20:10,12,16741,-2669,0.0007078632989674555,19,4,+10.0022,+0.482,-3.7
2021-11-22 11:23:37,9,16730,-2658,0.0005312921548533826,17,1,+9.9997,+0.445,-3.7
2021-11-22 11:27:08,8,16728,-2655,0.00047232789642119864,19,1,+10.0011,+0.524,-3.4
2021-11-22 11:37:19,-52,16727,-2628,-0.003071064622418269,19,5,+10.0036,+0.452,-3.8
2021-11-22 11:39:07,-54,16728,-2630,-0.0031889371738907713,22,0,+10.0031,+0.453,-3.5
2021-11-22 16:05:00,357,15579,-2934,0.02251577107357988,518,1,+10.3101,+48.487,46.8
2021-11-22 16:08:22,357,15576,-2918,0.022524154148910732,518,1,+10.3093,+48.445,65536.0
2021-11-22 16:10:10,367,15579,-2922,0.023149478354690105,517,0,+10.3109,+48.435,65536.0
2021-11-22 16:12:00,364,15578,-2923,0.02296146860612637,523,0,+10.3096,+48.480,46.8
2021-11-22 16:17:06,350,15576,-2928,0.022080080029376163,518,2,+10.3080,+48.482,46.6
2021-11-22 16:20:36,366,15574,-2927,0.023092236206946625,520,1,+10.3112,+48.487,65536.0
2021-11-22 16:22:24,354,15584,-2918,0.022323865320970724,520,0,+10.3084,+48.440,46.7
2021-11-22 16:24:14,360,15574,-2924,0.022714599845838356,518,0,+10.3110,+48.478,65536.0
2021-11-22 16:26:04,355,15582,-2926,0.02238759960787113,518,0,+10.3112,+48.465,65536.0
2021-11-22 16:27:52,365,15592,-2926,0.02300376121825028,518,0,+10.3098,+48.494,65536.0
2021-11-22 16:31:14,358,15584,-2933,0.022572088452481796,517,1,+10.3091,+48.475,65536.0
2021-11-22 16:45:03,357,15830,-508,0.022536696513760973,518,5,+1.9749,+48.497,65536.0
2021-11-22 16:46:45,350,15824,-506,0.022103401544106685,518,0,+1.9776,+48.510,46.8
2021-11-22 16:48:36,356,15824,-506,0.022482190405748444,517,0,+1.9752,+48.522,65536.0
2021-11-22 16:52:05,347,15834,-507,0.021900139247720003,520,1,+1.9751,+48.499,65536.0
2021-11-22 16:55:35,356,15825,-512,0.02248049788377363,521,1,+1.9729,+48.532,65536.0
2021-11-22 16:57:20,356,15824,-509,0.022482053894253704,518,0,+1.9736,+48.532,46.7
2021-11-22 17:02:28,366,15829,-503,0.023106339220705794,520,2,+1.9734,+48.520,65536.0
2021-11-22 17:07:41,343,15839,-512,0.021640723377002995,520,2,+1.9756,+48.510,65536.0
2021-11-22 17:11:08,345,15841,-504,0.021764476186991986,520,1,+1.9736,+48.532,65536.0
2021-11-22 17:16:18,343,15832,-509,0.021650410786429333,517,2,+1.9706,+48.490,65536.0
2021-11-22 17:21:28,339,15837,-504,0.021391474418101714,520,2,+1.9763,+48.519,65536.0
2021-11-22 17:23:20,333,15833,-510,0.02101802369778967,518,0,+1.9706,+48.490,65536.0
2021-11-25 11:00:46,362,15801,-364,0.022899862126526664,517,1,+1.0166,+48.529,65536.0
2021-11-25 11:02:26,357,15806,-207,0.022580584333618245,518,0,+1.0170,+48.531,65536.0
2021-11-25 11:04:19,361,15807,-216,0.02283188302058718,517,0,+1.0172,+48.531,65536.0
2021-11-25 11:06:02,361,15809,-214,0.022829035353506735,515,0,+1.0161,+48.520,65536.0
2021-11-25 11:09:33,363,15813,-221,0.02294952440893403,515,1,+1.0154,+48.525,65536.0
2021-11-25 11:11:22,357,15810,-223,0.022574563746175544,518,0,+1.0139,+48.541,65536.0
2021-11-25 11:13:07,350,15807,-227,0.022136189747553544,518,0,+1.0136,+48.517,65536.0
2021-11-25 11:14:56,358,15805,-226,0.022644872940054652,520,0,+1.0135,+48.559,65536.0
2021-11-25 11:18:20,359,15808,-216,0.022703998620791647,517,1,+1.0134,+48.495,65536.0
2021-11-25 11:21:54,360,15804,-229,0.022772714876897224,515,1,+1.0096,+48.541,65536.0
2021-11-25 11:25:22,371,15806,-231,0.023465285142603,517,1,+1.0094,+48.529,65536.0
2021-11-25 11:27:07,351,15809,-214,0.02219686275641253,515,0,+1.0090,+48.556,65536.0
2021-11-25 11:28:55,356,15808,-224,0.022514177506742523,523,0,+1.0070,+48.537,65536.0
2021-11-25 11:30:47,365,15806,-224,0.023086075665217223,517,0,+1.0052,+48.534,65536.0
2021-11-25 11:35:52,351,15806,-232,0.022200717082460988,517,2,+0.9998,+48.578,65536.0
2021-11-25 11:37:40,355,15814,-234,0.022442237759106743,515,0,+0.9967,+48.547,65536.0
2021-11-29 10:39:43,135,15847,156,0.008518343793662586,520,1,+0.0350,+48.352,65536.0
2021-11-29 10:41:25,128,15846,174,0.008077085729852586,520,0,+0.0348,+48.383,65536.0
2021-11-29 10:46:32,105,15842,157,0.006627528519200486,518,2,+0.0335,+48.406,65536.0
2021-11-29 10:48:19,111,15836,161,0.007008868801876864,517,0,+0.0337,+48.428,65536.0
2021-11-29 10:53:32,115,15838,154,0.007260546997499003,521,2,+0.0328,+48.446,65536.0
2021-11-29 10:55:22,119,15840,159,0.007512106498550885,518,0,+0.0335,+48.482,65536.0
2021-11-29 11:00:27,117,15833,150,0.00738916316649273,517,2,+0.0331,+48.468,65536.0
2021-11-29 11:02:15,113,15836,144,0.007135224230747994,517,0,+0.0333,+48.480,65536.0
2021-11-29 11:07:25,123,15830,148,0.0077695609425444245,521,2,+0.0318,+48.502,65536.0
2021-11-29 11:11:01,127,15836,152,0.008019160646732597,515,1,+0.0315,+48.490,65536.0
2021-11-29 11:14:25,112,15830,146,0.007074754782082891,523,1,+0.0289,+48.505,65536.0
2021-11-29 12:04:54,125,15834,450,0.007891054474603918,517,1,-1.0740,+48.557,65536.0
2021-11-29 12:08:24,120,15842,444,0.007571683212482463,518,1,-1.0770,+48.546,65536.0
2021-11-29 12:15:15,115,15837,449,0.007258432195832237,517,3,-1.0763,+48.569,65536.0
2021-11-29 12:17:03,121,15836,449,0.00763760050299512,518,0,-1.0767,+48.539,65536.0
2021-11-29 12:20:35,118,15838,443,0.007447385218544284,518,1,-1.0808,+48.549,65536.0
2021-11-29 12:24:02,112,15836,444,0.007069597086467082,518,1,-1.0767,+48.574,65536.0
2021-11-29 12:25:48,109,15835,446,0.006880648675547661,523,0,-1.0774,+48.583,65536.0
2021-11-29 12:31:03,107,15836,440,0.006754047473346326,518,2,-1.0756,+48.576,65536.0
2021-11-29 12:32:53,106,15836,432,0.006691020416381538,520,0,-1.0756,+48.584,65536.0
2021-11-29 12:36:15,112,15837,439,0.0070692132231937755,521,1,-1.0756,+48.547,65536.0
2021-11-29 12:38:03,112,15839,440,0.007068308931487825,520,0,-1.0783,+48.536,65536.0
2021-11-29 13:24:18,94,15842,708,0.005927608051236483,525,1,-2.0615,+48.571,65536.0
2021-11-29 13:26:11,89,15832,706,0.005615885946679994,523,0,-2.0604,+48.554,65536.0
2021-11-29 13:29:42,89,15843,713,0.005611883758671836,517,1,-2.0599,+48.554,65536.0
2021-11-29 13:33:06,91,15832,713,0.0057419693436520465,518,1,-2.0603,+48.576,65536.0
2021-11-29 13:38:19,86,15833,717,0.005426079085821181,521,2,-2.0628,+48.571,65536.0
2021-11-29 13:43:24,82,15843,708,0.005170580877561916,517,2,-2.0594,+48.605,65536.0
2021-11-29 13:45:16,90,15844,711,0.005674611965905447,518,0,-2.0624,+48.569,65536.0
2021-11-29 13:50:22,79,15838,703,0.0049830558612698915,521,2,-2.0637,+48.583,65536.0
2021-11-29 13:53:55,86,15840,705,0.005423870208546336,520,1,-2.0632,+48.599,65536.0
2021-11-29 13:57:20,84,15839,710,0.0052979953309783764,520,1,-2.0630,+48.598,65536.0
2021-11-29 14:02:33,74,15834,719,0.004668642720004227,521,2,-2.0621,+48.591,65536.0
2021-11-29 14:48:12,94,15588,3020,0.005920127565846275,517,1,-9.9639,+48.586,65536.0
2021-11-29 14:56:49,81,15584,3020,0.005102663849555754,520,4,-9.9631,+48.626,65536.0
2021-11-29 15:00:16,82,15590,3016,0.005163989687035214,521,1,-9.9660,+48.636,65536.0
2021-11-29 15:07:07,83,15581,3021,0.005229560842472588,517,3,-9.9640,+48.647,65536.0
2021-11-29 15:08:57,85,15585,3013,0.0053547600824544635,520,0,-9.9651,+48.640,65536.0
2021-11-29 15:15:47,74,15591,3022,0.004659570702673789,517,3,-9.9686,+48.611,65536.0
2021-11-29 15:20:57,74,15584,3003,0.004662646990773039,520,2,-9.9640,+48.621,65536.0
2021-11-29 15:26:07,76,15579,3008,0.004789858464456648,520,2,-9.9661,+48.628,65536.0
2021-11-29 15:27:55,69,15593,3005,0.004345084301636358,521,0,-9.9633,+48.636,65536.0
2021-11-29 15:34:44,65,15588,3019,0.00409377922039939,520,3,-9.9679,+48.610,65536.0
2021-11-29 15:36:32,71,15587,3015,0.004472152326070644,523,0,-9.9663,+48.625,65536.0
2021-11-29 16:26:49,0,15823,3084,0.0,423,1,-9.9721,+39.279,65536.0
2021-11-29 16:30:14,-8,15827,3088,-0.0004961105886728349,423,1,-9.9692,+39.248,65536.0
2021-11-29 16:33:39,-10,15813,3087,-0.0006206744672400025,423,1,-9.9704,+39.230,65536.0
2021-11-29 16:37:07,-4,15821,3083,-0.0002481606655724285,421,1,-9.9706,+39.242,65536.0
2021-11-29 16:47:20,-17,15816,3084,-0.0010549911495710935,425,5,-9.9700,+39.329,65536.0
2021-11-29 16:52:34,-15,15827,3089,-0.0009301961134556305,425,2,-9.9691,+39.332,65536.0
2021-11-29 16:54:19,-7,15822,3099,-0.00043417207349956644,429,0,-9.9669,+39.395,65536.0
2021-11-29 16:56:07,-7,15823,3087,-0.00043420764400179827,433,0,-9.9701,+39.403,65536.0
2021-11-29 17:04:39,-12,15824,3098,-0.0007442131647900013,421,4,-9.9673,+39.425,65536.0
2021-11-29 17:06:30,-20,15822,3083,-0.0012407271627754924,426,0,-9.9715,+39.396,65536.0
2021-11-29 17:08:16,-7,15821,3086,-0.0004342656795931241,429,0,-9.9690,+39.395,65536.0
2021-12-01 12:05:51,82,15989,814,0.005121847835854212,420,1,-2.0761,+39.369,65536.0
2021-12-01 12:07:31,91,15987,828,0.0056844446144726345,421,0,-2.0743,+39.332,65536.0
2021-12-01 12:11:04,90,15986,822,0.0056224388598088045,421,1,-2.0726,+39.282,65536.0
2021-12-01 12:19:31,94,15994,814,0.005869539710498274,428,4,-2.0733,+39.279,65536.0
2021-12-01 12:21:22,95,15997,812,0.0059309081961856636,423,0,-2.0746,+39.264,65536.0
2021-12-01 12:24:49,96,15996,816,0.005993634955551608,421,1,-2.0760,+39.257,65536.0
2021-12-01 12:26:39,91,15999,806,0.005680590328682401,423,0,-2.0769,+39.235,65536.0
2021-12-01 12:28:25,94,16002,803,0.005866816186603607,420,0,-2.0733,+39.242,65536.0
2021-12-01 12:33:34,96,16000,816,0.005992140470326678,420,2,-2.0706,+39.270,65536.0
2021-12-01 12:37:03,93,16000,815,0.005804908798473778,421,1,-2.0751,+39.258,65536.0
2021-12-01 12:38:54,92,16007,815,0.005739987112117797,423,0,-2.0735,+39.264,65536.0
2021-12-01 14:19:27,104,16030,492,0.006484690711544507,425,1,-1.0094,+39.235,65536.0
2021-12-01 14:22:58,104,16024,505,0.006486952912583026,425,1,-1.0072,+39.227,65536.0
2021-12-01 14:24:46,106,16031,500,0.006608878874372161,423,0,-1.0089,+39.238,65536.0
2021-12-01 14:26:31,110,16028,500,0.006859545241780893,425,0,-1.0081,+39.220,65536.0
2021-12-01 14:40:11,104,16039,505,0.006480892362792296,420,7,-1.0069,+39.245,65536.0
2021-12-01 14:45:18,100,16044,496,0.006229802689373981,425,2,-1.0069,+39.258,65536.0
2021-12-01 14:47:05,102,16040,495,0.006355990732122209,425,0,-1.0067,+39.247,65536.0
2021-12-01 14:50:36,105,16038,504,0.006543627252534407,425,1,-1.0071,+39.270,65536.0
2021-12-01 14:54:07,92,16037,497,0.005733918074787786,421,1,-1.0054,+39.243,65536.0
2021-12-01 14:59:15,103,16042,489,0.006417576803627716,421,2,-1.0087,+39.221,65536.0
2021-12-01 15:01:02,105,16041,491,0.006542568980968523,425,0,-1.0085,+39.237,65536.0
2021-12-01 15:05:05,99,16036,502,0.0061705082910054505,426,1,-1.0067,+39.227,65536.0
2021-12-01 15:11:48,94,16043,490,0.005856455251605685,425,3,-1.0053,+39.255,65536.0
2021-12-01 15:13:36,104,16042,492,0.006479844622678293,425,0,-1.0060,+39.282,65536.0
2021-12-01 15:18:49,107,16039,496,0.0066679523568613265,423,2,-1.0065,+39.245,65536.0
2021-12-01 15:20:36,103,16046,495,0.006415905048132797,423,0,-1.0087,+39.242,65536.0
2021-12-01 15:34:10,107,16048,502,0.0066641391356348865,421,7,-1.0080,+39.267,65536.0
2021-12-01 15:35:58,105,16047,503,0.006539973739752353,420,0,-1.0076,+39.238,65536.0
2021-12-01 15:41:09,94,16048,506,0.005854451369065627,425,2,-1.0060,+39.232,65536.0
2021-12-01 15:46:21,89,16043,504,0.005544798484697684,421,2,-1.0060,+39.262,65536.0
2021-12-01 15:49:47,104,16054,487,0.006475067198292769,423,1,-1.0103,+39.235,65536.0
2021-12-01 15:51:34,99,16050,498,0.0061651791330566506,428,0,-1.0098,+39.257,65536.0
2021-12-01 15:53:23,103,16053,497,0.0064130854291186605,428,0,-1.0060,+39.225,65536.0
2021-12-01 16:57:57,89,16052,221,0.005543898234580952,423,1,-0.0576,+39.228,65536.0
2021-12-01 16:59:39,86,16053,221,0.005356695258665162,428,0,-0.0569,+39.250,65536.0
2021-12-01 17:08:09,80,16058,232,0.004981379393882377,428,4,-0.0594,+39.242,65536.0
2021-12-01 17:09:57,82,16059,232,0.005105593865514862,426,0,-0.0583,+39.245,65536.0
2021-12-01 17:13:29,81,16056,220,0.005044326756379575,426,1,-0.0592,+39.247,65536.0
2021-12-01 17:22:02,89,16057,238,0.005542088432854961,425,4,-0.0563,+39.250,65536.0
2021-12-01 17:23:50,88,16063,234,0.0054777926841469765,429,0,-0.0592,+39.257,65536.0
2021-12-01 17:28:56,84,16062,228,0.005229160304370586,428,2,-0.0576,+39.235,65536.0
2021-12-01 17:32:27,78,16059,226,0.004856570391939578,425,1,-0.0576,+39.233,65536.0
2021-12-01 17:34:17,81,16061,232,0.005042703707542031,426,0,-0.0574,+39.243,65536.0
2021-12-01 17:36:05,83,16058,232,0.005168177854959195,428,0,-0.0596,+39.255,65536.0
2021-12-02 11:37:20,-49,16107,124,-0.003042056054717704,402,1,+1.0307,+35.080,65536.0
2021-12-02 11:40:53,-26,16086,45,-0.0016163045893382094,412,1,+1.0359,+36.716,65536.0
2021-12-02 11:44:19,-11,16071,32,-0.0006844612330433627,412,1,+1.0372,+37.710,65536.0
2021-12-02 11:47:51,-11,16056,29,-0.0006851009178192712,413,1,+1.0375,+38.320,65536.0
2021-12-02 11:51:16,5,16051,26,0.00031150665245828236,413,1,+1.0373,+38.727,65536.0
2021-12-02 11:56:29,3,16038,8,0.00018705571715832127,418,2,+1.0383,+39.058,65536.0
2021-12-02 12:01:39,14,16036,6,0.0008730353868264914,421,2,+1.0375,+39.173,65536.0
2021-12-02 12:05:13,25,16037,-1,0.0015588937893711394,418,1,+1.0349,+39.240,65536.0
2021-12-02 12:08:38,28,16027,-7,0.0017470499059266292,423,1,+1.0369,+39.243,65536.0
2021-12-02 12:10:22,20,16026,-5,0.001247971336810187,423,0,+1.0405,+39.248,65536.0
2021-12-02 12:12:14,24,16028,-1,0.0014973784636977713,421,0,+1.0381,+39.252,65536.0
2021-12-02 12:14:02,30,16027,-7,0.0018718389031483428,423,0,+1.0392,+39.279,65536.0
2021-12-02 12:17:29,28,16030,-15,0.0017467223496554372,425,1,+1.0390,+39.262,65536.0
2021-12-02 12:26:16,39,16024,-325,0.0024333439804748104,428,1,+2.0624,+39.309,65536.0
2021-12-02 12:29:48,39,16013,-320,0.002435030158291731,426,1,+2.0603,+39.306,65536.0
2021-12-02 12:33:15,47,16016,-325,0.002933953014067257,426,1,+2.0574,+39.311,65536.0
2021-12-02 12:45:06,53,16014,-344,0.0033088286897553364,426,6,+2.0572,+39.311,65536.0
2021-12-02 12:52:01,54,16017,-333,0.0033706767065311365,428,3,+2.0574,+39.287,65536.0
2021-12-02 12:58:48,62,16028,-336,0.003867361628312589,429,3,+2.0610,+39.289,65536.0
2021-12-02 13:02:19,59,16027,-338,0.0036804528307079767,425,1,+2.0605,+39.279,65536.0
2021-12-02 13:04:09,65,16021,-339,0.0040562447488873025,428,0,+2.0597,+39.287,65536.0
2021-12-02 13:07:38,66,16022,-343,0.004118368996932048,426,1,+2.0579,+39.324,65536.0
2021-12-02 15:40:12,82,15836,-2653,0.005106861087592192,426,1,+10.0001,+39.257,65536.0
2021-12-02 15:43:34,86,15834,-2664,0.0053560220178277005,425,1,+9.9974,+39.257,65536.0
2021-12-02 15:47:05,82,15836,-2647,0.005107176059434529,425,1,+9.9996,+39.228,65536.0
2021-12-02 15:48:55,78,15841,-2654,0.00485620856182899,426,0,+10.0001,+39.230,65536.0
2021-12-02 15:50:43,84,15845,-2649,0.0052287408985937376,423,0,+9.9990,+39.240,65536.0
2021-12-02 15:52:33,84,15841,-2656,0.0052296488603122875,426,0,+10.0003,+39.205,65536.0
2021-12-02 15:54:15,82,15841,-2657,0.005105083036006115,426,0,+9.9996,+39.210,65536.0
2021-12-02 15:57:46,81,15842,-2657,0.005042517382429342,426,1,+9.9998,+39.210,65536.0
2021-12-02 16:01:16,78,15845,-2658,0.004854816289377205,425,1,+10.0033,+39.196,65536.0
2021-12-02 16:06:29,82,15837,-2657,0.00510633712536757,425,2,+9.9996,+39.233,65536.0
2021-12-02 16:09:51,81,15851,-2657,0.005039732619943748,423,1,+10.0012,+39.225,65536.0
2021-12-02 16:13:21,78,15843,-2663,0.004855162110123012,421,1,+10.0003,+39.216,65536.0
2021-12-02 16:16:49,75,15838,-2656,0.004670198225370235,426,1,+10.0021,+39.200,65536.0
2021-12-02 17:11:01,6,16048,-2614,0.00036901504870381793,333,0,+10.0031,+30.296,65536.0
2021-12-02 17:16:10,-1,16049,-2620,-6.149512582494915e-05,334,2,+10.0006,+30.242,65536.0
2021-12-02 17:23:56,5,16052,-2616,0.00030743181677103404,333,2,+10.0009,+30.107,65536.0
2021-12-02 17:25:46,-3,16052,-2609,-0.00018447184809525542,334,0,+10.0023,+30.099,65536.0
2021-12-02 17:27:30,2,16052,-2612,0.00012297759132271293,331,0,+10.0009,+30.102,65536.0
2021-12-02 17:30:57,-4,16049,-2608,-0.0002460096827392488,331,1,+10.0014,+30.077,65536.0
2021-12-02 17:36:08,-2,16062,-2610,-0.00012290542389868173,333,2,+10.0000,+30.037,65536.0
2021-12-02 17:37:58,6,16059,-2610,0.00036878336467823484,334,0,+10.0025,+30.062,65536.0
2021-12-02 17:39:48,-2,16060,-2608,-0.00012292275871891967,331,0,+10.0018,+30.042,65536.0
2021-12-02 17:44:52,-1,16060,-2613,-6.145834941114685e-05,334,2,+10.0020,+30.037,65536.0
2021-12-02 17:51:45,-1,16066,-2611,-6.143720019933247e-05,329,3,+10.0013,+30.007,65536.0
2021-12-02 17:55:15,-7,16059,-2609,-0.00043025149327219244,331,1,+10.0029,+30.017,65536.0
2021-12-06 09:45:24,112,16217,-225,0.006905558462350296,323,1,+2.0271,+29.956,65536.0
2021-12-06 09:47:06,112,16215,-227,0.006906398150531155,329,0,+2.0246,+29.941,65536.0
2021-12-06 09:52:17,112,16208,-231,0.006909356157403165,325,2,+2.0247,+29.971,65536.0
2021-12-06 09:54:04,114,16211,-240,0.00703137562196657,329,0,+2.0251,+30.012,65536.0
2021-12-06 09:57:31,121,16201,-239,0.007467723393958962,326,1,+2.0245,+30.070,65536.0
2021-12-06 10:01:02,125,16210,-238,0.007710305508316268,326,1,+2.0257,+30.070,65536.0
2021-12-06 10:04:28,126,16208,-240,0.0077729301240350105,328,1,+2.0218,+30.072,65536.0
2021-12-06 10:06:18,128,16208,-251,0.007896223728639129,328,0,+2.0263,+30.038,65536.0
2021-12-06 10:09:45,122,16203,-249,0.007528438691881223,333,1,+2.0234,+30.069,65536.0
2021-12-06 10:13:15,125,16202,-248,0.007714040234397548,328,1,+2.0216,+30.032,65536.0
2021-12-06 10:15:03,135,16199,-251,0.00833265465927009,328,0,+2.0238,+30.045,65536.0
2021-12-06 10:16:54,131,16205,-250,0.00808278686354124,329,0,+2.0238,+30.020,65536.0
2021-12-06 10:20:21,133,16205,-248,0.008206198249307791,329,1,+2.0267,+30.037,65536.0
2021-12-06 10:33:02,139,16202,39,0.008578952428037445,329,1,+1.0099,+30.040,65536.0
2021-12-06 10:41:34,133,16208,26,0.008205629553278578,328,4,+1.0134,+30.101,65536.0
2021-12-06 10:45:01,135,16205,23,0.008330561005373676,328,1,+1.0131,+30.092,65536.0
2021-12-06 10:48:30,140,16213,40,0.008634805061066581,325,1,+1.0138,+30.082,65536.0
2021-12-06 10:50:17,141,16206,23,0.008700253014153092,329,0,+1.0115,+30.065,65536.0
2021-12-06 10:52:05,142,16210,18,0.008759795210423188,328,0,+1.0136,+30.075,65536.0
2021-12-06 10:55:36,144,16207,19,0.008884809768370278,328,1,+1.0125,+30.091,65536.0
2021-12-06 10:59:09,144,16204,13,0.008886457857374401,326,1,+1.0120,+30.107,65536.0
2021-12-06 11:02:36,150,16214,30,0.00925098459295038,329,1,+1.0122,+30.087,65536.0
2021-12-06 11:04:22,158,16208,19,0.009747956989350874,323,0,+1.0105,+30.109,65536.0
2021-12-06 11:06:08,158,16214,23,0.009744346872293107,333,0,+1.0111,+30.086,65536.0
2021-12-06 11:16:06,150,16218,302,0.00924711589600193,329,1,+0.0096,+30.059,65536.0
2021-12-06 11:17:56,152,16210,312,0.009374916748547625,326,0,+0.0123,+30.057,65536.0
2021-12-06 11:19:47,153,16204,318,0.009440014930770693,329,0,+0.0080,+30.065,65536.0
2021-12-06 11:26:37,148,16217,314,0.009124262111257473,331,3,+0.0087,+30.023,65536.0
2021-12-06 11:28:21,150,16212,313,0.00925041783640442,326,0,+0.0048,+30.003,65536.0
2021-12-06 11:31:50,147,16217,318,0.009062571540477916,328,1,+0.0080,+30.023,65536.0
2021-12-06 11:37:04,159,16215,308,0.009803652856264642,326,2,+0.0093,+29.993,65536.0
2021-12-06 11:38:58,162,16214,303,0.009989289051109249,328,0,+0.0061,+29.976,65536.0
2021-12-06 11:40:37,158,16212,303,0.009743857154826166,326,0,+0.0082,+29.993,65536.0
2021-12-06 11:44:05,152,16210,303,0.009375015446824704,325,1,+0.0102,+29.975,65536.0
2021-12-06 11:49:19,160,16222,304,0.009861097714118678,329,2,+0.0055,+29.980,65536.0
2021-12-06 11:52:44,154,16216,300,0.009494883185131054,325,1,+0.0095,+29.938,65536.0
2021-12-06 12:22:39,169,16225,577,0.010409068448692464,321,1,-1.0621,+29.869,65536.0
2021-12-06 12:24:24,162,16210,584,0.009987019453319756,326,0,-1.0587,+29.884,65536.0
2021-12-06 12:26:09,160,16214,578,0.009861431475108115,325,0,-1.0600,+29.897,65536.0
2021-12-06 12:29:37,165,16210,577,0.010172108709358644,331,1,-1.0608,+29.867,65536.0
2021-12-06 12:31:25,154,16222,574,0.009487058729427109,325,0,-1.0592,+29.877,65536.0
2021-12-06 12:33:13,164,16225,570,0.0101012829485585,326,0,-1.0587,+29.891,65536.0
2021-12-06 12:36:38,168,16227,571,0.010346342241368956,323,1,-1.0605,+29.874,65536.0
2021-12-06 12:38:28,164,16218,576,0.01010550526493087,325,0,-1.0617,+29.862,65536.0
2021-12-06 12:40:14,164,16217,574,0.010106171713546391,325,0,-1.0614,+29.864,65536.0
2021-12-06 12:45:25,161,16227,583,0.009915013139671244,328,2,-1.0570,+29.848,65536.0
2021-12-06 12:47:17,161,16225,582,0.009916255585591116,325,0,-1.0606,+29.847,65536.0
2021-12-06 12:50:41,169,16226,577,0.010408427799656077,326,1,-1.0637,+29.837,65536.0
2021-12-06 12:57:33,162,16230,576,0.00997490479947565,328,3,-1.0601,+29.815,65536.0
2021-12-06 13:39:48,160,16220,858,0.009850274234819123,328,1,-2.0454,+29.817,65536.0
2021-12-06 13:43:17,180,16222,842,0.01108067204184152,326,1,-2.0429,+29.820,65536.0
2021-12-06 13:50:06,165,16223,848,0.01015652960503862,323,3,-2.0411,+29.845,65536.0
2021-12-06 13:53:36,166,16235,847,0.01021058124791467,325,1,-2.0456,+29.803,65536.0
2021-12-06 13:57:03,169,16228,846,0.010399601441531434,325,1,-2.0436,+29.803,65536.0
2021-12-06 14:00:34,164,16231,852,0.010089887451120666,326,1,-2.0449,+29.815,65536.0
2021-12-06 14:07:24,164,16230,846,0.010090701972921839,325,3,-2.0411,+29.796,65536.0
2021-12-06 14:10:55,169,16226,839,0.010401112056037715,329,1,-2.0429,+29.801,65536.0
2021-12-06 14:12:41,173,16227,842,0.010646517815810762,325,0,-2.0425,+29.798,65536.0
2021-12-06 14:14:32,167,16228,844,0.010276603717239886,328,0,-2.0431,+29.867,65536.0
2021-12-06 14:18:00,166,16226,846,0.010216261680289574,325,1,-2.0439,+29.879,65536.0
2021-12-06 14:19:47,170,16228,839,0.01046136669437301,326,0,-2.0417,+29.852,65536.0
2021-12-06 14:34:18,190,15983,3191,0.011657037630142158,325,1,-9.9334,+29.823,65536.0
2021-12-06 14:35:58,192,15990,3181,0.011776184317350998,329,0,-9.9341,+29.822,65536.0
2021-12-06 14:37:46,189,15983,3187,0.011596247130965001,331,0,-9.9323,+29.840,65536.0
2021-12-06 14:39:38,186,15986,3187,0.011410136218766258,329,0,-9.9352,+29.843,65536.0
2021-12-06 14:41:22,181,15988,3188,0.011101968770095288,326,0,-9.9327,+29.833,65536.0
2021-12-06 14:44:51,192,15980,3183,0.011782989760890957,331,1,-9.9316,+29.848,65536.0
2021-12-06 14:48:22,193,15989,3186,0.011837516102222358,323,1,-9.9347,+29.850,65536.0
2021-12-06 14:50:07,183,15990,3183,0.011223954470297136,326,0,-9.9363,+29.854,65536.0
2021-12-06 14:55:16,191,15990,3179,0.011715135946086527,328,2,-9.9358,+29.880,65536.0
2021-12-06 14:57:08,193,15993,3180,0.011835518658514626,331,0,-9.9340,+29.865,65536.0
2021-12-06 15:00:35,191,15993,3178,0.011713162138872201,326,1,-9.9333,+29.924,65536.0
2021-12-06 15:05:48,187,15987,3176,0.01147229640570076,333,2,-9.9374,+29.879,65536.0
2021-12-06 16:08:06,167,16212,3195,0.010106271424145117,230,1,-9.9394,+20.524,65536.0
2021-12-06 16:09:46,176,16208,3197,0.010653161199720602,231,0,-9.9444,+20.504,65536.0
2021-12-06 16:16:41,176,16204,3202,0.010655067460491984,228,3,-9.9430,+20.504,65536.0
2021-12-06 16:20:06,162,16209,3196,0.0098053398690893,230,1,-9.9419,+20.462,65536.0
2021-12-06 16:23:37,166,16206,3192,0.010049691682630327,230,1,-9.9415,+20.482,65536.0
2021-12-06 16:27:06,161,16208,3192,0.009745851837484444,233,1,-9.9428,+20.489,65536.0
2021-12-06 16:32:20,156,16207,3193,0.009443654297914855,233,2,-9.9432,+20.499,65536.0
2021-12-06 16:34:01,160,16207,3191,0.009686010931610953,233,0,-9.9449,+20.475,65536.0
2021-12-06 16:39:28,153,16208,3187,0.009262155586300076,230,1,-9.9439,+20.492,65536.0
2021-12-06 16:44:36,141,16204,3192,0.008537278134965345,228,2,-9.9414,+20.519,65536.0
2021-12-06 16:49:46,145,16207,3194,0.008777688373331994,235,2,-9.9425,+20.512,65536.0
2021-12-08 10:52:52,12,16442,960,0.0007285972350317781,230,1,-1.9716,+20.449,65536.0
2021-12-08 10:54:40,6,16431,958,0.00036454430310802724,235,0,-1.9717,+20.390,65536.0
2021-12-08 10:58:02,6,16443,967,0.00036426753012813734,231,1,-1.9736,+20.427,65536.0
2021-12-08 10:59:52,12,16437,967,0.0007287999836136132,228,0,-1.9691,+20.439,65536.0
2021-12-08 11:03:24,12,16432,956,0.0007290494400648617,230,1,-1.9707,+20.439,65536.0
2021-12-08 11:05:12,13,16437,956,0.000789564094242633,227,0,-1.9726,+20.385,65536.0
2021-12-08 11:08:37,20,16439,949,0.0012145962264256394,227,1,-1.9726,+20.390,65536.0
2021-12-08 11:10:28,17,16438,952,0.001032458671520293,228,0,-1.9759,+20.418,65536.0
2021-12-08 11:17:15,17,16425,951,0.0010332767347992133,230,3,-1.9732,+20.420,65536.0
2021-12-08 11:19:03,19,16428,953,0.001154620296300819,228,0,-1.9725,+20.413,65536.0
2021-12-08 11:20:50,19,16435,951,0.0011541382771473167,233,0,-1.9726,+20.383,65536.0
2021-12-08 11:26:00,16,16432,947,0.000972096513047036,228,2,-1.9723,+20.405,65536.0
2021-12-08 11:27:50,20,16436,941,0.001214851070639796,230,0,-1.9708,+20.381,65536.0
2021-12-08 11:29:38,20,16431,955,0.0012151600045795523,230,0,-1.9723,+20.390,65536.0
2021-12-08 13:04:18,42,16427,630,0.0025548825186986522,228,1,-0.9748,+20.365,65536.0
2021-12-08 13:07:42,44,16432,621,0.002675785498931199,228,1,-0.9723,+20.359,65536.0
2021-12-08 13:11:09,56,16437,617,0.0034045368462433255,227,1,-0.9727,+20.366,65536.0
2021-12-08 13:16:19,51,16437,630,0.0031004695016941387,228,2,-0.9725,+20.375,65536.0
2021-12-08 13:18:10,54,16432,630,0.0032838462329391137,233,0,-0.9712,+20.375,65536.0
2021-12-08 13:21:34,54,16434,629,0.0032834548236303006,228,1,-0.9732,+20.370,65536.0
2021-12-08 13:25:05,50,16441,622,0.0030389941350272044,227,1,-0.9741,+20.365,65536.0
2021-12-08 13:26:50,50,16434,624,0.003040272717699567,228,0,-0.9727,+20.365,65536.0
2021-12-08 13:30:23,54,16434,621,0.0032835155234866636,225,1,-0.9714,+20.366,65536.0
2021-12-08 13:33:50,56,16437,621,0.0034045056901682944,228,1,-0.9712,+20.375,65536.0
2021-12-08 13:40:42,52,16439,625,0.003160915226044714,231,3,-0.9701,+20.361,65536.0
2021-12-08 13:45:54,65,16440,617,0.0039509691625080005,227,2,-0.9707,+20.348,65536.0
2021-12-08 13:49:19,58,16429,624,0.0035277843617286973,230,1,-0.9714,+20.368,65536.0
2021-12-08 13:52:49,53,16433,622,0.003222898529729103,231,1,-0.9712,+20.359,65536.0
2021-12-08 15:31:37,61,16443,361,0.0037088745667755462,230,1,-0.0848,+20.378,65536.0
2021-12-08 15:33:17,71,16450,359,0.004315055181745859,231,0,-0.0871,+20.388,65536.0
2021-12-08 15:40:14,70,16438,367,0.004257338937465984,233,3,-0.0867,+20.339,65536.0
2021-12-08 15:50:22,75,16452,369,0.004557538500420173,228,5,-0.0900,+20.361,65536.0
2021-12-08 15:55:37,75,16449,364,0.004558400140477808,230,2,-0.0848,+20.383,65536.0
2021-12-08 16:02:23,70,16445,363,0.004255550639788136,230,3,-0.0837,+20.361,65536.0
2021-12-08 16:04:11,72,16452,362,0.004375280671700757,225,0,-0.0855,+20.371,65536.0
2021-12-08 16:07:43,75,16455,361,0.004556757135874582,227,1,-0.0837,+20.398,65536.0
2021-12-08 16:09:28,79,16447,355,0.004802152164641443,233,0,-0.0884,+20.383,65536.0
2021-12-08 16:11:16,73,16449,360,0.004436868153327063,231,0,-0.0855,+20.378,65536.0
2021-12-08 16:14:47,75,16445,364,0.004559508344811162,227,1,-0.0839,+20.378,65536.0
2021-12-13 13:29:10,176,16423,62,0.010716191240137498,227,1,+1.0619,+20.282,65536.0
2021-12-13 13:30:53,175,16421,62,0.01065660606090536,228,0,+1.0585,+20.282,65536.0
2021-12-13 13:34:23,173,16426,56,0.010531632686456082,222,1,+1.0592,+20.297,65536.0
2021-12-13 13:37:51,177,16423,57,0.010777085875482177,225,1,+1.0594,+20.269,65536.0
2021-12-13 13:39:36,175,16428,62,0.01065206567035673,227,0,+1.0628,+20.304,65536.0
2021-12-13 13:43:14,172,16429,63,0.01046883266614117,225,1,+1.0592,+20.302,65536.0
2021-12-13 13:49:59,177,16426,51,0.010775130691814539,227,3,+1.0585,+20.304,65536.0
2021-12-13 13:53:26,187,16433,63,0.011378966396976652,227,1,+1.0583,+20.316,65536.0
2021-12-13 13:55:14,180,16431,56,0.010954400501519218,222,0,+1.0590,+20.304,65536.0
2021-12-13 13:57:02,179,16432,49,0.010892899486444702,225,0,+1.0621,+20.307,65536.0
2021-12-13 14:00:33,185,16426,48,0.01126210815759784,227,1,+1.0608,+20.311,65536.0
2021-12-13 14:02:17,186,16424,49,0.011324355896509793,227,0,+1.0599,+20.322,65536.0
2021-12-13 14:30:13,190,16434,-222,0.01155982743678716,225,1,+1.9881,+20.294,65536.0
2021-12-13 14:33:34,188,16429,-236,0.011441499996024652,227,1,+1.9917,+20.289,65536.0
2021-12-13 14:35:24,192,16432,-233,0.011682811981168413,227,0,+1.9866,+20.314,65536.0
2021-12-13 14:40:33,186,16427,-222,0.011321304623884981,225,2,+1.9901,+20.274,65536.0
2021-12-13 14:42:21,178,16433,-228,0.010830396807038388,225,0,+1.9888,+20.294,65536.0
2021-12-13 14:44:08,193,16434,-221,0.011742344008579344,225,0,+1.9908,+20.289,65536.0
2021-12-13 14:45:54,194,16434,-232,0.011803070678217698,228,0,+1.9912,+20.289,65536.0
2021-12-13 14:49:30,188,16434,-234,0.011438039871264433,225,1,+1.9917,+20.316,65536.0
2021-12-13 14:51:11,189,16436,-233,0.011497486271716631,225,0,+1.9924,+20.306,65536.0
2021-12-13 14:54:44,190,16434,-240,0.011559649518204481,225,1,+1.9888,+20.302,65536.0
2021-12-13 14:56:32,193,16430,-238,0.011745032282772657,227,0,+1.9877,+20.284,65536.0
2021-12-13 14:59:57,192,16441,-241,0.011676336659354972,227,1,+1.9870,+20.311,65536.0
2021-12-13 15:03:28,193,16434,-240,0.011742153653815013,230,1,+1.9913,+20.312,65536.0
2021-12-13 15:05:16,187,16434,-236,0.01137718470433309,228,0,+1.9888,+20.311,65536.0
2021-12-13 16:00:53,188,16235,-2502,0.011444308694994347,227,1,+9.9642,+20.338,65536.0
2021-12-13 16:02:36,189,16233,-2505,0.011506241506201567,230,0,+9.9628,+20.294,65536.0
2021-12-13 16:06:01,194,16230,-2521,0.011810982991471066,227,1,+9.9669,+20.306,65536.0
2021-12-13 16:09:37,182,16232,-2504,0.01108088951079045,230,1,+9.9658,+20.328,65536.0
2021-12-13 16:14:47,185,16234,-2511,0.011261438409745328,228,2,+9.9653,+20.297,65536.0
2021-12-13 16:16:29,182,16238,-2514,0.011075861207140112,228,0,+9.9678,+20.302,65536.0
2021-12-13 16:18:16,183,16230,-2508,0.011142695320975797,227,0,+9.9653,+20.299,65536.0
2021-12-13 16:20:04,182,16243,-2512,0.011072737811376096,227,0,+9.9667,+20.309,65536.0
2021-12-13 16:21:52,182,16233,-2509,0.011079708167766083,225,0,+9.9676,+20.291,65536.0
2021-12-13 16:27:09,189,16233,-2504,0.011506348314237993,227,2,+9.9664,+20.312,65536.0
2021-12-13 16:28:53,191,16236,-2516,0.011624702031777758,224,0,+9.9680,+20.304,65536.0
2021-12-13 16:34:00,186,16233,-2519,0.011322142808829982,225,2,+9.9658,+20.328,65536.0
2021-12-16 10:35:06,137,16515,-2401,0.00820900262831205,122,1,+9.9701,+10.156,65536.0
2021-12-16 10:36:51,136,16519,-2399,0.008147293558435457,122,0,+9.9746,+10.163,65536.0
2021-12-16 10:43:36,134,16503,-2404,0.00803476021614899,128,3,+9.9745,+10.341,65536.0
2021-12-16 10:45:24,135,16501,-2399,0.008096028791373985,124,0,+9.9749,+10.321,65536.0
2021-12-16 10:48:55,133,16502,-2396,0.00797582572631282,120,1,+9.9731,+10.386,65536.0
2021-12-16 10:54:05,131,16498,-2406,0.007857080026080102,120,2,+9.9743,+10.374,65536.0
2021-12-16 10:59:17,129,16498,-2409,0.007736928414083776,124,2,+9.9752,+10.411,65536.0
2021-12-16 11:01:05,133,16498,-2418,0.007976199950302826,122,0,+9.9761,+10.416,65536.0
2021-12-16 11:04:33,131,16498,-2406,0.007857080026080102,120,1,+9.9761,+10.406,65536.0
2021-12-16 11:09:45,125,16488,-2403,0.007501874612891961,122,2,+9.9747,+10.390,65536.0
2021-12-16 11:11:33,125,16500,-2413,0.007495883086568076,120,0,+9.9759,+10.390,65536.0
2021-12-16 11:26:00,141,16671,-132,0.00845733421144631,122,1,+2.0361,+10.400,65536.0
2021-12-16 11:27:39,147,16677,-136,0.008814013654555142,125,0,+2.0352,+10.405,65536.0
2021-12-16 11:29:31,135,16677,-130,0.008094558383809777,125,0,+2.0350,+10.423,65536.0
2021-12-16 11:31:16,134,16678,-134,0.008034104334759979,127,0,+2.0323,+10.433,65536.0
2021-12-16 11:36:25,135,16679,-137,0.008093560671203159,122,2,+2.0323,+10.425,65536.0
2021-12-16 11:39:58,128,16682,-132,0.007672550140353613,119,1,+2.0347,+10.418,65536.0
2021-12-16 11:41:46,133,16680,-130,0.007973209982085156,120,0,+2.0291,+10.435,65536.0
2021-12-16 11:45:13,132,16679,-128,0.007913745281725889,124,1,+2.0325,+10.406,65536.0
2021-12-16 11:46:58,131,16683,-132,0.007851897594992689,124,0,+2.0309,+10.398,65536.0
2021-12-16 11:52:11,133,16670,-133,0.007977981133208826,122,2,+2.0318,+10.427,65536.0
2021-12-16 11:57:19,132,16675,-136,0.007915613381456955,122,2,+2.0327,+10.427,65536.0
2021-12-16 12:04:14,130,16673,-135,0.007796623568431103,124,3,+2.0356,+10.410,65536.0
2021-12-16 12:07:42,132,16666,-130,0.007919910272131573,125,1,+2.0316,+10.400,65536.0
2021-12-16 12:09:28,129,16663,-122,0.007741341036564849,124,0,+2.0370,+10.420,65536.0
2021-12-16 12:41:47,116,16662,186,0.006961403148714619,124,1,+0.9707,+10.462,65536.0
2021-12-16 12:43:42,124,16664,181,0.007440614369378367,125,0,+0.9700,+10.490,65536.0
2021-12-16 12:45:27,123,16667,188,0.007379249021776841,124,0,+0.9747,+10.470,65536.0
2021-12-16 12:50:40,121,16669,180,0.007258433081357793,125,2,+0.9752,+10.460,65536.0
2021-12-16 12:54:02,119,16673,182,0.007136741476039853,124,1,+0.9700,+10.467,65536.0
2021-12-16 12:55:49,120,16667,186,0.007199283326063538,124,0,+0.9673,+10.467,65536.0
2021-12-16 12:59:23,126,16668,181,0.007558805620974449,124,1,+0.9727,+10.467,65536.0
2021-12-16 13:01:11,125,16663,175,0.007501095996986332,124,0,+0.9687,+10.458,65536.0
2021-12-16 13:07:58,128,16660,186,0.007682443301910557,124,3,+0.9710,+10.512,65536.0
2021-12-16 13:09:49,127,16660,179,0.00762246162564614,122,0,+0.9723,+10.501,65536.0
2021-12-16 13:13:14,131,16669,185,0.007858254028051067,124,1,+0.9703,+10.487,65536.0
2021-12-16 13:15:07,129,16669,180,0.007738310919731925,122,0,+0.9702,+10.465,65536.0
2021-12-16 13:20:16,116,16668,180,0.0069589251356058065,120,2,+0.9714,+10.490,65536.0
2021-12-16 13:22:07,132,16653,178,0.00792588099746059,125,0,+0.9725,+10.487,65536.0
2021-12-16 13:23:52,126,16659,182,0.007562883671586142,122,0,+0.9694,+10.484,65536.0
2021-12-16 13:25:37,130,16653,178,0.0078057968069562104,120,0,+0.9720,+10.470,65536.0
2021-12-16 13:27:25,124,16657,181,0.007443740756444056,127,0,+0.9712,+10.484,65536.0
2021-12-16 13:29:14,118,16658,183,0.007083137645792921,125,0,+0.9736,+10.487,65536.0
2021-12-16 13:32:42,128,16663,169,0.007681143848320864,124,1,+0.9754,+10.469,65536.0
2021-12-16 13:42:59,128,16659,182,0.007682924757122354,122,5,+0.9696,+10.509,65536.0
2021-12-16 13:44:44,126,16658,178,0.007563357230753705,120,0,+0.9736,+10.502,65536.0
2021-12-16 13:49:53,131,16657,180,0.007863940182010722,128,2,+0.9732,+10.506,65536.0
2021-12-16 13:51:43,123,16653,182,0.007385481218347488,127,0,+0.9723,+10.504,65536.0
2021-12-16 13:55:11,128,16656,180,0.007684318375013217,128,1,+0.9723,+10.490,65536.0
2021-12-16 14:03:43,129,16654,441,0.007743017858811454,124,1,+0.0217,+10.524,65536.0
2021-12-16 14:05:25,119,16648,442,0.007145366216417228,125,0,+0.0203,+10.538,65536.0
2021-12-16 14:08:50,118,16639,440,0.007089175314397309,130,1,+0.0217,+10.519,65536.0
2021-12-16 14:12:20,126,16648,433,0.007565773689263786,125,1,+0.0201,+10.511,65536.0
2021-12-16 14:14:11,126,16645,436,0.007567100750770415,124,0,+0.0203,+10.506,65536.0
2021-12-16 14:19:19,125,16649,436,0.007505244361834377,128,2,+0.0195,+10.569,65536.0
2021-12-16 14:22:49,122,16643,430,0.007327832590924942,124,1,+0.0244,+10.554,65536.0
2021-12-16 14:24:34,122,16646,444,0.007326351224535921,119,0,+0.0210,+10.563,65536.0
2021-12-16 14:28:07,118,16648,440,0.007085345671505157,122,1,+0.0228,+10.531,65536.0
2021-12-16 14:29:55,122,16647,444,0.0073259114527395135,124,0,+0.0199,+10.534,65536.0
2021-12-16 14:33:25,126,16644,427,0.007567661078781645,122,1,+0.0224,+10.558,65536.0
2021-12-16 14:36:55,132,16639,443,0.007930192607711765,127,1,+0.0179,+10.549,65536.0
2021-12-16 14:38:37,121,16639,438,0.007269425351143695,124,0,+0.0208,+10.554,65536.0
2021-12-16 14:42:10,122,16647,434,0.007326027421273336,122,1,+0.0219,+10.566,65536.0
2021-12-16 14:57:49,121,16644,717,0.007263023106391764,127,1,-0.9990,+10.541,65536.0
2021-12-16 14:59:37,123,16641,716,0.0073844163058162686,125,0,-1.0019,+10.561,65536.0
2021-12-16 15:03:08,122,16642,722,0.007323829407695074,125,1,-1.0010,+10.575,65536.0
2021-12-16 15:04:58,128,16640,716,0.007685045186118271,125,0,-1.0014,+10.595,65536.0
2021-12-16 15:10:04,123,16642,723,0.007383839397750699,125,2,-1.0006,+10.573,65536.0
2021-12-16 15:22:02,127,16643,726,0.007623438185974665,120,6,-1.0014,+10.578,65536.0
2021-12-16 15:27:18,132,16637,717,0.007926598841648544,127,1,-0.9985,+10.566,65536.0
2021-12-16 15:32:32,131,16633,727,0.007868234596702578,125,2,-1.0023,+10.578,65536.0
2021-12-16 15:35:57,128,16640,728,0.007684805182695307,128,1,-1.0051,+10.546,65536.0
2021-12-16 15:41:09,118,16635,715,0.0070868157007745675,130,2,-1.0001,+10.593,65536.0
2021-12-16 15:44:40,122,16636,715,0.0073265986796958865,127,1,-1.0054,+10.618,65536.0
2021-12-16 15:46:28,127,16630,713,0.007629643563591933,125,0,-0.9987,+10.601,65536.0
2021-12-16 15:51:35,122,16640,717,0.0073248029764177896,125,2,-1.0032,+10.591,65536.0
2021-12-16 15:53:24,126,16649,723,0.007560752142542165,128,0,-0.9999,+10.566,65536.0
2021-12-16 15:55:12,134,16640,715,0.008045287233118181,127,0,-1.0024,+10.556,65536.0
2021-12-16 15:56:59,126,16647,723,0.007561658760017389,125,0,-1.0006,+10.575,65536.0
2021-12-16 15:58:45,136,16630,719,0.008170177025340213,125,0,-1.0026,+10.539,65536.0
2021-12-16 16:00:36,134,16632,725,0.008048940615598446,124,0,-1.0050,+10.588,65536.0
2021-12-16 16:04:01,129,16635,721,0.00774730537353627,122,1,-1.0003,+10.598,65536.0
2021-12-16 16:07:30,119,16632,716,0.007148139666829656,124,1,-1.0032,+10.596,65536.0
2021-12-16 16:09:22,122,16627,712,0.007330613673280368,125,0,-1.0012,+10.591,65536.0
2021-12-16 16:11:07,127,16632,718,0.0076286293429868104,122,0,-1.0041,+10.593,65536.0
2021-12-16 16:12:54,126,16635,710,0.007567357261172694,124,0,-1.0048,+10.573,65536.0
2021-12-16 16:16:27,124,16633,714,0.0074480622425941835,120,1,-1.0035,+10.561,65536.0
2021-12-16 16:28:18,115,16636,706,0.006906393116321912,122,6,-1.0033,+10.553,65536.0
2021-12-16 16:38:34,121,16634,706,0.00726758641634245,124,5,-1.0057,+10.543,65536.0
2021-12-16 16:43:44,120,16629,714,0.007209541173085726,124,2,-0.9992,+10.569,65536.0
2021-12-16 16:45:30,119,16632,706,0.007148323055068333,124,0,-1.0039,+10.593,65536.0
2021-12-16 16:49:00,126,16628,711,0.0075705176062918255,128,1,-1.0041,+10.575,65536.0
2021-12-16 16:52:27,120,16629,713,0.007209559740697303,122,1,-1.0044,+10.581,65536.0
2021-12-16 17:04:32,117,16631,719,0.0070283740509615765,124,1,-1.0008,+10.586,65536.0
2021-12-16 17:08:03,124,16634,707,0.007447748944560598,125,1,-1.0007,+10.618,65536.0
2021-12-16 17:11:28,110,16622,706,0.006611677968163638,127,1,-1.0023,+10.590,65536.0
2021-12-16 17:18:20,123,16625,711,0.0073916049304130205,124,3,-1.0059,+10.598,65536.0
2021-12-16 17:23:31,117,16635,714,0.007026778035070204,130,2,-1.0008,+10.559,65536.0
2021-12-16 17:25:22,124,16641,702,0.007444716351196387,125,0,-1.0003,+10.580,65536.0
2021-12-16 17:27:10,130,16632,712,0.007808946820118863,124,0,-1.0009,+10.630,65536.0
2021-12-16 17:28:58,127,16631,704,0.0076293612222258335,124,0,-1.0005,+10.585,65536.0
2021-12-16 17:30:43,125,16629,707,0.007510062475309544,125,0,-1.0025,+10.610,65536.0
2021-12-16 17:32:29,124,16627,707,0.007450878688077032,124,0,-1.0021,+10.633,65536.0
2021-12-16 17:36:02,128,16634,705,0.007688028753093289,127,1,-1.0019,+10.608,65536.0
2021-12-16 17:42:52,126,16635,701,0.00756753058013136,122,3,-1.0017,+10.591,65536.0
2021-12-16 17:44:40,124,16637,711,0.007446332275204405,124,0,-1.0001,+10.585,65536.0
2021-12-16 17:49:48,131,16635,710,0.007867637060614434,125,2,-1.0021,+10.623,65536.0
2021-12-16 17:53:19,132,16625,708,0.007932493132005607,125,1,-1.0021,+10.622,65536.0
2021-12-16 17:56:46,139,16636,701,0.008347772057719319,127,1,-1.0021,+10.622,65536.0
2021-12-16 18:00:16,131,16634,710,0.007868109166268263,127,1,-1.0037,+10.617,65536.0
2021-12-16 18:02:04,125,16636,708,0.007506889096109819,120,0,-0.9992,+10.586,65536.0
2021-12-16 18:07:14,129,16636,708,0.007747100084677014,128,2,-1.0039,+10.603,65536.0
2021-12-16 18:12:22,134,16632,706,0.008049335437982115,125,2,-1.0052,+10.618,65536.0
2021-12-16 18:14:14,134,16632,709,0.008049273790805491,120,0,-1.0014,+10.623,65536.0
2021-12-16 18:21:03,139,16631,706,0.008350171195098548,124,3,-1.0059,+10.608,65536.0
2021-12-16 18:22:54,135,16635,697,0.0081081273543019,124,0,-1.0032,+10.596,65536.0
2021-12-16 18:24:39,133,16629,704,0.007990747677633749,125,0,-1.0007,+10.628,65536.0
2021-12-16 18:29:57,133,16630,704,0.007990268055674238,125,1,-1.0039,+10.642,65536.0
2021-12-16 18:31:43,133,16631,705,0.00798976817786771,124,0,-1.0025,+10.627,65536.0
2021-12-16 18:35:12,125,16635,707,0.007507358692713592,124,1,-1.0025,+10.611,65536.0
2021-12-16 18:37:03,125,16640,706,0.007505126140470041,127,0,-1.0016,+10.605,65536.0
2021-12-16 18:40:32,131,16616,709,0.007876636961725882,127,1,-1.0005,+10.628,65536.0
2021-12-16 18:44:00,126,16635,700,0.00756754970204046,122,1,-1.0003,+10.605,65536.0
2021-12-16 18:45:46,123,16634,706,0.007387707476413997,124,0,-1.0032,+10.586,65536.0
2021-12-16 18:52:40,129,16632,696,0.007749195373127545,122,3,-1.0036,+10.632,65536.0
2021-12-16 18:54:26,125,16636,701,0.007507022617423847,122,0,-1.0009,+10.643,65536.0
2021-12-16 18:56:12,125,16627,697,0.007511154548327328,125,0,-1.0023,+10.635,65536.0
2021-12-16 18:59:41,133,16629,702,0.00799078823293174,122,1,-0.9988,+10.538,65536.0
2021-12-16 19:01:33,124,16638,695,0.007446187558161276,120,0,-0.9981,+10.527,65536.0
2021-12-16 19:03:18,132,16635,691,0.00792807346671221,124,0,-1.0004,+10.485,65536.0
2021-12-16 19:05:05,132,16638,700,0.007926467561689575,120,0,-1.0029,+10.469,65536.0
2021-12-16 19:08:34,127,16637,699,0.0076267112502764285,117,1,-1.0011,+10.464,65536.0
2021-12-16 19:13:45,126,16642,704,0.007564295810245074,122,2,-1.0047,+10.437,65536.0
2021-12-16 19:15:32,121,16632,695,0.007268660846122119,125,0,-1.0018,+10.450,65536.0
2021-12-16 19:17:23,131,16630,698,0.007870238124034796,125,0,-1.0009,+10.448,65536.0
2021-12-16 19:19:09,134,16634,696,0.008048572942399322,124,0,-0.9998,+10.462,65536.0
2021-12-16 19:26:03,135,16638,697,0.008106668002146489,125,3,-1.0011,+10.507,65536.0
2021-12-16 19:27:49,137,16636,693,0.008227831161694113,128,0,-1.0024,+10.494,65536.0
2021-12-16 19:29:34,135,16634,700,0.008108552622445236,127,0,-1.0015,+10.538,65536.0
2021-12-16 19:34:46,134,16634,699,0.00804851218382073,127,2,-1.0020,+10.509,65536.0
2021-12-16 19:39:57,135,16637,697,0.008107154394544307,128,2,-1.0046,+10.536,65536.0
2021-12-16 19:46:58,136,16638,697,0.00816671473460062,119,1,-1.0080,+10.502,65536.0
2021-12-16 19:48:43,142,16636,696,0.008528038580581961,125,0,-1.0033,+10.534,65536.0
2021-12-16 19:52:12,133,16636,699,0.007987492577103156,122,1,-1.0056,+10.497,65536.0
2021-12-16 19:53:58,138,16643,698,0.008284302094382818,125,0,-0.9986,+10.484,65536.0
2021-12-16 19:57:27,139,16639,695,0.0083463957241778,125,1,-1.0033,+10.477,65536.0
2021-12-16 20:02:39,135,16639,700,0.00810612042396281,125,2,-1.0002,+10.464,65536.0
2021-12-16 20:07:50,139,16645,690,0.008343496573975717,127,2,-1.0040,+10.522,65536.0
2021-12-16 20:09:36,136,16638,699,0.008166673624694979,119,0,-1.0055,+10.521,65536.0
2021-12-16 20:11:27,133,16637,702,0.007986952808857627,124,0,-1.0024,+10.541,65536.0
2021-12-16 20:14:56,135,16639,692,0.008106283160069483,127,1,-1.0032,+10.576,65536.0
2021-12-16 20:18:25,134,16643,693,0.008044288721292219,125,1,-1.0061,+10.613,65536.0
2021-12-20 13:34:53,151,16617,986,0.009070875660471586,125,1,-1.9774,+10.470,65536.0
2021-12-20 13:38:16,154,16626,994,0.009245827627411956,124,1,-1.9765,+10.479,65536.0
2021-12-20 13:40:03,144,16627,994,0.008644962076095112,122,0,-1.9773,+10.501,65536.0
2021-12-20 13:43:28,156,16629,997,0.009364112001362885,125,1,-1.9802,+10.517,65536.0
2021-12-20 13:45:18,149,16624,987,0.00894695070513448,125,0,-1.9767,+10.507,65536.0
2021-12-20 13:47:06,147,16625,989,0.008826271763922562,122,0,-1.9811,+10.527,65536.0
2021-12-20 13:53:56,148,16622,990,0.008887877654855015,124,3,-1.9789,+10.489,65536.0
2021-12-20 13:55:41,146,16629,995,0.008763943103183612,124,0,-1.9769,+10.516,65536.0
2021-12-20 13:57:29,150,16629,993,0.009004102827798472,122,0,-1.9769,+10.531,65536.0
2021-12-20 14:01:02,143,16628,995,0.008584385381925127,124,1,-1.9778,+10.539,65536.0
2021-12-20 14:04:29,148,16626,1001,0.008885396289777607,120,1,-1.9791,+10.529,65536.0
2021-12-20 14:06:16,149,16621,985,0.00894862347110311,120,0,-1.9793,+10.519,65536.0
2021-12-20 14:08:04,151,16617,995,0.009070583870890351,119,0,-1.9798,+10.479,65536.0
2021-12-20 14:09:54,149,16622,993,0.008947831702938714,124,0,-1.9796,+10.464,65536.0
2021-12-20 14:11:40,147,16630,996,0.008823406674405298,124,0,-1.9776,+10.474,65536.0
2021-12-20 14:13:28,144,16622,997,0.008647460005462996,119,0,-1.9758,+10.469,65536.0
2021-12-20 15:35:44,173,16382,3378,0.0103424077981367,124,1,-10.0454,+10.549,65536.0
2021-12-20 15:37:24,178,16375,3380,0.010645404725337452,124,0,-10.0473,+10.543,65536.0
2021-12-20 15:42:39,176,16371,3371,0.01052941353533522,125,2,-10.0421,+10.628,65536.0
2021-12-20 15:46:04,180,16370,3368,0.01076972081734056,127,1,-10.0458,+10.611,65536.0
2021-12-20 15:51:19,173,16368,3375,0.01035126746704561,124,2,-10.0465,+10.608,65536.0
2021-12-20 15:53:00,173,16368,3369,0.01035201731703661,124,0,-10.0454,+10.601,65536.0
2021-12-20 15:56:29,169,16371,3369,0.010110903089257236,122,1,-10.0472,+10.569,65536.0
2021-12-20 15:58:19,174,16373,3366,0.010409177387435416,124,0,-10.0458,+10.615,65536.0
2021-12-20 16:01:48,174,16364,3366,0.010414669579788028,128,1,-10.0442,+10.630,65536.0
2021-12-20 16:03:33,173,16367,3367,0.010352873791532548,125,0,-10.0469,+10.622,65536.0
2021-12-20 16:08:44,170,16368,3361,0.01017349573385236,124,2,-10.0465,+10.617,65536.0
